,session1,session2,label,volume1,volume2,volume_diff,dice,surface_dice,hd95,label_name,volume_diff_noabs,percentage_vol_diff
0,ses-001,ses-002,1002,3658.0,3730.0,72.0,0.8486735246345425,0.9920958210586828,1.0,Caudal Anterior Cingulate L,-72.0,-0.0193029490616622
3,ses-001,ses-002,1006,1366.0,1238.0,128.0,0.8018433179723502,0.9851063829988285,1.0,Entorhinal Cortex L,128.0,0.10339256865912763
4,ses-001,ses-002,1007,8926.0,8988.0,62.0,0.7908898068549738,0.9817178280653492,1.0,Fusiform Gyrus L,-62.0,-0.006898086337338674
5,ses-001,ses-002,1008,13453.0,13660.0,207.0,0.7806587245970568,0.9829301548576235,1.0,Inferior Parietal L,-207.0,-0.015153733528550513
9,ses-001,ses-002,1012,8199.0,8652.0,453.0,0.8456471426028129,0.9841800558720988,1.0,Lateral Orbitofrontal L,-453.0,-0.05235783633841886
11,ses-001,ses-002,1014,4749.0,4930.0,181.0,0.8056617419154871,0.9824829167374836,1.0,Medial Orbitofrontal L,-181.0,-0.03671399594320487
25,ses-001,ses-002,1028,28479.0,29800.0,1321.0,0.8548533777175312,0.9952697598088265,1.0,Superior Frontal L,-1321.0,-0.04432885906040269
27,ses-001,ses-002,1030,17696.0,16908.0,788.0,0.8092706045543868,0.978580544218569,1.0,Superior Temporal L,788.0,0.046605157321977765
30,ses-001,ses-002,1035,6269.0,6470.0,201.0,0.8674150247272157,0.9945104759863473,1.0,Insula L,-201.0,-0.03106646058732612
31,ses-001,ses-002,2002,2342.0,2343.0,1.0,0.8345784418356457,0.994084714100507,1.0,Caudal Anterior Cingulate R,-1.0,-0.0004268032437046522
34,ses-001,ses-002,2006,1368.0,1161.0,207.0,0.7734282325029656,0.9382757559755396,1.7320508075688772,Entorhinal Cortex R,207.0,0.17829457364341086
35,ses-001,ses-002,2007,7652.0,7782.0,130.0,0.7811325644680576,0.9591353120645564,1.0,Fusiform Gyrus R,-130.0,-0.01670521716782318
36,ses-001,ses-002,2008,16300.0,16675.0,375.0,0.799393479909022,0.9687968596969411,1.0,Inferior Parietal R,-375.0,-0.022488755622188907
40,ses-001,ses-002,2012,9003.0,9116.0,113.0,0.844196699597108,0.978199793832057,1.0,Lateral Orbitofrontal R,-113.0,-0.012395787626151821
42,ses-001,ses-002,2014,4314.0,4516.0,202.0,0.7753114382785957,0.9619937252648513,1.0,Medial Orbitofrontal R,-202.0,-0.04472984942426927
56,ses-001,ses-002,2028,33620.0,34304.0,684.0,0.8571049997055533,0.9925524330437278,1.0,Superior Frontal R,-684.0,-0.01993936567164179
58,ses-001,ses-002,2030,17463.0,17054.0,409.0,0.7844250659095519,0.9584437245354157,1.0,Superior Temporal R,409.0,0.02398264336812478
61,ses-001,ses-002,2035,6374.0,6406.0,32.0,0.8674491392801252,0.9916930146922324,1.0,Insula R,-32.0,-0.004995316890415236
62,ses-002,ses-003,1002,3730.0,3862.0,132.0,0.8187565858798735,0.9811349178372011,1.0,Caudal Anterior Cingulate L,-132.0,-0.03417918177110305
65,ses-002,ses-003,1006,1238.0,1246.0,8.0,0.7326892109500805,0.9471556345719605,1.4142135623730951,Entorhinal Cortex L,-8.0,-0.006420545746388443
66,ses-002,ses-003,1007,8988.0,8742.0,246.0,0.8136491821771009,0.985393948753115,1.0,Fusiform Gyrus L,246.0,0.028140013726835965
67,ses-002,ses-003,1008,13660.0,13626.0,34.0,0.8262845415231254,0.9930332248289873,1.0,Inferior Parietal L,34.0,0.002495229707911346
71,ses-002,ses-003,1012,8652.0,8531.0,121.0,0.8237211197113427,0.9850045826699555,1.0,Lateral Orbitofrontal L,121.0,0.014183565818778573
73,ses-002,ses-003,1014,4930.0,4867.0,63.0,0.7769725426150863,0.9827810506565121,1.0,Medial Orbitofrontal L,63.0,0.012944318882268338
87,ses-002,ses-003,1028,29800.0,28983.0,817.0,0.8540224214483779,0.9944970290363412,1.0,Superior Frontal L,817.0,0.028188938343166683
89,ses-002,ses-003,1030,16908.0,16688.0,220.0,0.8081319204667222,0.9872205104686893,1.0,Superior Temporal L,220.0,0.013183125599232981
92,ses-002,ses-003,1035,6470.0,6135.0,335.0,0.8306227687425625,0.9832118627348966,1.0,Insula L,335.0,0.05460472697636512
93,ses-002,ses-003,2002,2343.0,2273.0,70.0,0.8262564991334489,0.9935144691923892,1.0,Caudal Anterior Cingulate R,70.0,0.030796304443466784
96,ses-002,ses-003,2006,1161.0,1262.0,101.0,0.7437061494015683,0.9412876425222203,1.4142135623730951,Entorhinal Cortex R,-101.0,-0.08003169572107766
97,ses-002,ses-003,2007,7782.0,7958.0,176.0,0.7979669631512071,0.9632110218301226,1.0,Fusiform Gyrus R,-176.0,-0.022116109575270167
98,ses-002,ses-003,2008,16675.0,16827.0,152.0,0.8262790281177244,0.9894370028162667,1.0,Inferior Parietal R,-152.0,-0.009033101562964283
102,ses-002,ses-003,2012,9116.0,8697.0,419.0,0.8272609891652164,0.9857569444971908,1.0,Lateral Orbitofrontal R,419.0,0.048177532482465216
104,ses-002,ses-003,2014,4516.0,4274.0,242.0,0.7488054607508532,0.9665680571438956,1.0,Medial Orbitofrontal R,242.0,0.056621431913897985
118,ses-002,ses-003,2028,34304.0,33546.0,758.0,0.8515549005158438,0.9916239006440699,1.0,Superior Frontal R,758.0,0.022595838550050675
120,ses-002,ses-003,2030,17054.0,16605.0,449.0,0.8019846103568139,0.9750096263639384,1.0,Superior Temporal R,449.0,0.02704004817825956
123,ses-002,ses-003,2035,6406.0,6282.0,124.0,0.8508827238335435,0.993124851761216,1.0,Insula R,124.0,0.01973893664438077
124,ses-003,ses-004,1002,3862.0,3912.0,50.0,0.8263442243375354,0.9768396637378466,1.0,Caudal Anterior Cingulate L,-50.0,-0.01278118609406953
127,ses-003,ses-004,1006,1246.0,1399.0,153.0,0.7122873345935727,0.922030270686314,1.4142135623730951,Entorhinal Cortex L,-153.0,-0.1093638313080772
128,ses-003,ses-004,1007,8742.0,9198.0,456.0,0.7924191750278706,0.9677639987288663,1.0,Fusiform Gyrus L,-456.0,-0.04957599478147423
129,ses-003,ses-004,1008,13626.0,13986.0,360.0,0.755468636824569,0.9780620509156075,1.0,Inferior Parietal L,-360.0,-0.02574002574002574
133,ses-003,ses-004,1012,8531.0,8517.0,14.0,0.7802674800563116,0.9704403622082333,1.0,Lateral Orbitofrontal L,14.0,0.0016437712809674767
135,ses-003,ses-004,1014,4867.0,5146.0,279.0,0.7080794966543493,0.9509421416817613,1.4142135623730951,Medial Orbitofrontal L,-279.0,-0.05421686746987952
149,ses-003,ses-004,1028,28983.0,24910.0,4073.0,0.738017924405767,0.9691738686418976,1.0,Superior Frontal L,4073.0,0.1635086310718587
151,ses-003,ses-004,1030,16688.0,17942.0,1254.0,0.7874675137164309,0.9748106707744811,1.0,Superior Temporal L,-1254.0,-0.06989187381562814
154,ses-003,ses-004,1035,6135.0,6188.0,53.0,0.8338878519840948,0.989092525274736,1.0,Insula L,-53.0,-0.00856496444731739
155,ses-003,ses-004,2002,2273.0,2323.0,50.0,0.81940818102698,0.9934182002959956,1.0,Caudal Anterior Cingulate R,-50.0,-0.02152389151958674
158,ses-003,ses-004,2006,1262.0,1438.0,176.0,0.662962962962963,0.9112688402296902,1.4142135623730951,Entorhinal Cortex R,-176.0,-0.12239221140472879
159,ses-003,ses-004,2007,7958.0,8151.0,193.0,0.7793159103606679,0.9675390076577224,1.0,Fusiform Gyrus R,-193.0,-0.023678076309655256
160,ses-003,ses-004,2008,16827.0,16428.0,399.0,0.7779882724402345,0.9718133765745204,1.0,Inferior Parietal R,399.0,0.02428780131482834
164,ses-003,ses-004,2012,8697.0,8413.0,284.0,0.7417884278199883,0.9565980859186612,1.4142135623730951,Lateral Orbitofrontal R,284.0,0.03375728039938191
166,ses-003,ses-004,2014,4274.0,4465.0,191.0,0.6996223824236183,0.9585609159734382,1.4142135623730951,Medial Orbitofrontal R,-191.0,-0.042777155655095184
180,ses-003,ses-004,2028,33546.0,29786.0,3760.0,0.758194909366513,0.97064078192304,1.0,Superior Frontal R,3760.0,0.1262338011146176
182,ses-003,ses-004,2030,16605.0,17852.0,1247.0,0.7820181675711757,0.9660878317092372,1.0,Superior Temporal R,-1247.0,-0.06985211740981402
185,ses-003,ses-004,2035,6282.0,6317.0,35.0,0.8121279466624335,0.982767288285578,1.0,Insula R,-35.0,-0.00554060471742916
186,ses-004,ses-005,1002,3912.0,3837.0,75.0,0.7182862304813524,0.9558529768851778,1.4142135623730951,Caudal Anterior Cingulate L,75.0,0.019546520719311962
189,ses-004,ses-005,1006,1399.0,1404.0,5.0,0.7356403853014627,0.9272956185065842,1.4142135623730951,Entorhinal Cortex L,-5.0,-0.0035612535612535613
190,ses-004,ses-005,1007,9198.0,9056.0,142.0,0.6652788429933165,0.9278795256764396,1.4142135623730951,Fusiform Gyrus L,142.0,0.015680212014134276
191,ses-004,ses-005,1008,13986.0,13385.0,601.0,0.6918271162909649,0.9612394684494981,1.0,Inferior Parietal L,601.0,0.044901008591707134
195,ses-004,ses-005,1012,8517.0,8753.0,236.0,0.6957730167921251,0.9357721195386001,1.4142135623730951,Lateral Orbitofrontal L,-236.0,-0.026962184393922083
197,ses-004,ses-005,1014,5146.0,4646.0,500.0,0.6593137254901961,0.9270042399435504,1.4142135623730951,Medial Orbitofrontal L,500.0,0.1076194575979337
211,ses-004,ses-005,1028,24910.0,27526.0,2616.0,0.6428789381341063,0.9411866777075552,1.4142135623730951,Superior Frontal L,-2616.0,-0.0950374191673327
213,ses-004,ses-005,1030,17942.0,17586.0,356.0,0.7949786084215267,0.9713652081351404,1.0,Superior Temporal L,356.0,0.02024337541225975
216,ses-004,ses-005,1035,6188.0,6228.0,40.0,0.8419780927835051,0.9942306203939241,1.0,Insula L,-40.0,-0.006422607578676943
217,ses-004,ses-005,2002,2323.0,2373.0,50.0,0.6780238500851788,0.9693992068642779,1.0,Caudal Anterior Cingulate R,-50.0,-0.02107037505267594
220,ses-004,ses-005,2006,1438.0,1417.0,21.0,0.6865148861646234,0.8996904250387027,2.23606797749979,Entorhinal Cortex R,21.0,0.014820042342978124
221,ses-004,ses-005,2007,8151.0,7616.0,535.0,0.7398997907020993,0.9674726792249849,1.0,Fusiform Gyrus R,535.0,0.0702468487394958
222,ses-004,ses-005,2008,16428.0,15862.0,566.0,0.696934035305048,0.9520598671642082,1.4142135623730951,Inferior Parietal R,566.0,0.03568276383810364
226,ses-004,ses-005,2012,8413.0,8774.0,361.0,0.6375749112701461,0.9078370229915445,1.4142135623730951,Lateral Orbitofrontal R,-361.0,-0.041144289947572375
228,ses-004,ses-005,2014,4465.0,3928.0,537.0,0.5964494221374955,0.9080841894680771,1.7320508075688772,Medial Orbitofrontal R,537.0,0.13671079429735233
242,ses-004,ses-005,2028,29786.0,32114.0,2328.0,0.6366397415185784,0.9319961875343514,1.4142135623730951,Superior Frontal R,-2328.0,-0.0724917481472255
244,ses-004,ses-005,2030,17852.0,17532.0,320.0,0.8202577436129324,0.9798005850001053,1.0,Superior Temporal R,320.0,0.018252338580880677
247,ses-004,ses-005,2035,6317.0,6206.0,111.0,0.8258404535654396,0.985584980546626,1.0,Insula R,111.0,0.017885916854656785
248,ses-005,ses-006,1002,3837.0,3534.0,303.0,0.7575634242300909,0.9802338632039733,1.0,Caudal Anterior Cingulate L,303.0,0.08573853989813243
251,ses-005,ses-006,1006,1404.0,1427.0,23.0,0.7693394560226069,0.931985558092424,1.4142135623730951,Entorhinal Cortex L,-23.0,-0.0161177295024527
252,ses-005,ses-006,1007,9056.0,9294.0,238.0,0.779291553133515,0.9762194651826206,1.0,Fusiform Gyrus L,-238.0,-0.02560791908758339
253,ses-005,ses-006,1008,13385.0,13456.0,71.0,0.8081666107820126,0.9928333332262187,1.0,Inferior Parietal L,-71.0,-0.005276456599286564
257,ses-005,ses-006,1012,8753.0,8694.0,59.0,0.7934888519516249,0.9687210776260847,1.0,Lateral Orbitofrontal L,59.0,0.006786289394985047
259,ses-005,ses-006,1014,4646.0,4715.0,69.0,0.777694690738169,0.9716081009914822,1.0,Medial Orbitofrontal L,-69.0,-0.014634146341463415
273,ses-005,ses-006,1028,27526.0,25351.0,2175.0,0.7405866444768047,0.982187247749021,1.0,Superior Frontal L,2175.0,0.08579543213285472
275,ses-005,ses-006,1030,17586.0,17036.0,550.0,0.8502686153312923,0.9924062009234403,1.0,Superior Temporal L,550.0,0.032284573843625264
278,ses-005,ses-006,1035,6228.0,6223.0,5.0,0.8543892056862903,0.9959857413256094,1.0,Insula L,5.0,0.0008034709946970914
279,ses-005,ses-006,2002,2373.0,2230.0,143.0,0.7799261351292636,0.9850966337070126,1.0,Caudal Anterior Cingulate R,143.0,0.06412556053811659
282,ses-005,ses-006,2006,1417.0,1547.0,130.0,0.7456140350877193,0.9560735348820886,1.4142135623730951,Entorhinal Cortex R,-130.0,-0.08403361344537816
283,ses-005,ses-006,2007,7616.0,8002.0,386.0,0.7860161352285824,0.9836280037601501,1.0,Fusiform Gyrus R,-386.0,-0.048237940514871284
284,ses-005,ses-006,2008,15862.0,15258.0,604.0,0.7797557840616967,0.9882250173920331,1.0,Inferior Parietal R,604.0,0.03958579106042732
288,ses-005,ses-006,2012,8774.0,8809.0,35.0,0.7978160723426037,0.9760186924555221,1.0,Lateral Orbitofrontal R,-35.0,-0.003973209217845385
290,ses-005,ses-006,2014,3928.0,3858.0,70.0,0.7331107115335217,0.9740927262227503,1.0,Medial Orbitofrontal R,70.0,0.018144116122343183
304,ses-005,ses-006,2028,32114.0,29779.0,2335.0,0.7673242531465594,0.9845018621603508,1.0,Superior Frontal R,2335.0,0.07841096074414856
306,ses-005,ses-006,2030,17532.0,17275.0,257.0,0.8446002240928548,0.9896106726846364,1.0,Superior Temporal R,257.0,0.014876989869753979
309,ses-005,ses-006,2035,6206.0,6246.0,40.0,0.8702216511403791,0.9956585954087839,1.0,Insula R,-40.0,-0.006404098623118796
310,ses-006,ses-007,1002,3534.0,3688.0,154.0,0.7529770146773747,0.971675355657939,1.0,Caudal Anterior Cingulate L,-154.0,-0.04175704989154013
313,ses-006,ses-007,1006,1427.0,1443.0,16.0,0.775609756097561,0.9461823689819895,1.4142135623730951,Entorhinal Cortex L,-16.0,-0.011088011088011088
314,ses-006,ses-007,1007,9294.0,9166.0,128.0,0.7768147345612134,0.9849305563263836,1.0,Fusiform Gyrus L,128.0,0.013964651974689069
315,ses-006,ses-007,1008,13456.0,13764.0,308.0,0.7586333578251285,0.9857113327567073,1.0,Inferior Parietal L,-308.0,-0.022377215925603024
319,ses-006,ses-007,1012,8694.0,8268.0,426.0,0.7622921825256456,0.9673138063983571,1.0,Lateral Orbitofrontal L,426.0,0.05152394775036284
321,ses-006,ses-007,1014,4715.0,4430.0,285.0,0.7339529797703663,0.9586546145731246,1.4142135623730951,Medial Orbitofrontal L,285.0,0.06433408577878104
335,ses-006,ses-007,1028,25351.0,26004.0,653.0,0.7240190828546392,0.9854767358488136,1.0,Superior Frontal L,-653.0,-0.025111521304414706
337,ses-006,ses-007,1030,17036.0,17181.0,145.0,0.8338545167606746,0.9915085165414543,1.0,Superior Temporal L,-145.0,-0.008439555322740237
340,ses-006,ses-007,1035,6223.0,6045.0,178.0,0.8482230192370395,0.9948757066061055,1.0,Insula L,178.0,0.029445822994210093
341,ses-006,ses-007,2002,2230.0,2175.0,55.0,0.7700340522133938,0.982005889839371,1.0,Caudal Anterior Cingulate R,55.0,0.02528735632183908
344,ses-006,ses-007,2006,1547.0,1479.0,68.0,0.7838730998017185,0.9682840662198414,1.0,Entorhinal Cortex R,68.0,0.04597701149425287
345,ses-006,ses-007,2007,8002.0,7868.0,134.0,0.775047258979206,0.9851669436927263,1.0,Fusiform Gyrus R,134.0,0.0170310116929334
346,ses-006,ses-007,2008,15258.0,15657.0,399.0,0.7108523370532104,0.9840590152570459,1.0,Inferior Parietal R,-399.0,-0.02548380915884269
350,ses-006,ses-007,2012,8809.0,8410.0,399.0,0.7740286892386318,0.9833756668042415,1.0,Lateral Orbitofrontal R,399.0,0.04744351961950059
352,ses-006,ses-007,2014,3858.0,3998.0,140.0,0.6611507128309573,0.92087185416485,2.449489742783178,Medial Orbitofrontal R,-140.0,-0.03501750875437719
366,ses-006,ses-007,2028,29779.0,29668.0,111.0,0.742880212626373,0.9784912860914083,1.0,Superior Frontal R,111.0,0.00374140488067952
368,ses-006,ses-007,2030,17275.0,16678.0,597.0,0.8250817306276323,0.9881789543620315,1.0,Superior Temporal R,597.0,0.0357956589519127
371,ses-006,ses-007,2035,6246.0,6232.0,14.0,0.8610354223433242,0.9953511995756803,1.0,Insula R,14.0,0.002246469833119384
372,ses-007,ses-008,1002,3688.0,3683.0,5.0,0.844661511328178,0.9857084260766823,1.0,Caudal Anterior Cingulate L,5.0,0.0013575889220743959
375,ses-007,ses-008,1006,1443.0,1325.0,118.0,0.7290462427745664,0.9386974831794515,1.4142135623730951,Entorhinal Cortex L,118.0,0.0890566037735849
376,ses-007,ses-008,1007,9166.0,8672.0,494.0,0.7967260903688754,0.9902682731902364,1.0,Fusiform Gyrus L,494.0,0.05696494464944649
377,ses-007,ses-008,1008,13764.0,12902.0,862.0,0.8109952748818721,0.9908456735178693,1.0,Inferior Parietal L,862.0,0.06681134707797241
381,ses-007,ses-008,1012,8268.0,7833.0,435.0,0.7808210670144712,0.9797870722634022,1.0,Lateral Orbitofrontal L,435.0,0.055534278054385294
383,ses-007,ses-008,1014,4430.0,4010.0,420.0,0.7656398104265403,0.9790967217704855,1.0,Medial Orbitofrontal L,420.0,0.10473815461346633
397,ses-007,ses-008,1028,26004.0,26570.0,566.0,0.8632023433636398,0.9966852951202038,1.0,Superior Frontal L,-566.0,-0.021302220549491907
399,ses-007,ses-008,1030,17181.0,16513.0,668.0,0.8284561049445005,0.9945871984659719,1.0,Superior Temporal L,668.0,0.04045297644280264
402,ses-007,ses-008,1035,6045.0,5960.0,85.0,0.8421491045397751,0.9955895363298471,1.0,Insula L,85.0,0.014261744966442953
403,ses-007,ses-008,2002,2175.0,2170.0,5.0,0.8497123130034523,0.9963231748425986,1.0,Caudal Anterior Cingulate R,5.0,0.002304147465437788
406,ses-007,ses-008,2006,1479.0,1262.0,217.0,0.7639547610361183,0.951339138671114,1.4142135623730951,Entorhinal Cortex R,217.0,0.17194928684627575
407,ses-007,ses-008,2007,7868.0,7722.0,146.0,0.8259140474663246,0.9924012692496227,1.0,Fusiform Gyrus R,146.0,0.018907018907018906
408,ses-007,ses-008,2008,15657.0,15288.0,369.0,0.8320568751009856,0.9957166359197621,1.0,Inferior Parietal R,369.0,0.024136577708006278
412,ses-007,ses-008,2012,8410.0,7612.0,798.0,0.8050181001123455,0.9785414687924644,1.0,Lateral Orbitofrontal R,798.0,0.10483447188649501
414,ses-007,ses-008,2014,3998.0,3548.0,450.0,0.7012987012987013,0.9606711960648437,1.4142135623730951,Medial Orbitofrontal R,450.0,0.12683201803833147
428,ses-007,ses-008,2028,29668.0,30906.0,1238.0,0.8484828474262885,0.995256979685547,1.0,Superior Frontal R,-1238.0,-0.040056946871157705
430,ses-007,ses-008,2030,16678.0,16598.0,80.0,0.8407861521817526,0.9914034774050764,1.0,Superior Temporal R,80.0,0.004819857814194481
433,ses-007,ses-008,2035,6232.0,6211.0,21.0,0.8528489914007876,0.9941504525664321,1.0,Insula R,21.0,0.0033810980518435034
434,ses-008,ses-009,1002,3683.0,3620.0,63.0,0.727920032863207,0.9363689244016284,2.0,Caudal Anterior Cingulate L,63.0,0.017403314917127072
437,ses-008,ses-009,1006,1325.0,1549.0,224.0,0.7933194154488518,0.9782315129664293,1.0,Entorhinal Cortex L,-224.0,-0.14460942543576502
438,ses-008,ses-009,1007,8672.0,9045.0,373.0,0.8099565389174239,0.9902924191518525,1.0,Fusiform Gyrus L,-373.0,-0.04123825317855168
439,ses-008,ses-009,1008,12902.0,13570.0,668.0,0.8109700815956482,0.9902988774557958,1.0,Inferior Parietal L,-668.0,-0.04922623434045689
443,ses-008,ses-009,1012,7833.0,8515.0,682.0,0.7344017616833863,0.9784540166354847,1.0,Lateral Orbitofrontal L,-682.0,-0.08009395184967703
445,ses-008,ses-009,1014,4010.0,4713.0,703.0,0.705491230081394,0.9703890467966558,1.0,Medial Orbitofrontal L,-703.0,-0.14916189263738594
459,ses-008,ses-009,1028,26570.0,24836.0,1734.0,0.7348558534023266,0.9796320968874183,1.0,Superior Frontal L,1734.0,0.06981800612014817
461,ses-008,ses-009,1030,16513.0,17066.0,553.0,0.8033592423836327,0.9896099034293034,1.0,Superior Temporal L,-553.0,-0.03240360951599672
464,ses-008,ses-009,1035,5960.0,6170.0,210.0,0.8260511129431163,0.9924462470229406,1.0,Insula L,-210.0,-0.03403565640194489
465,ses-008,ses-009,2002,2170.0,2212.0,42.0,0.7973528069374715,0.9866461837199312,1.0,Caudal Anterior Cingulate R,-42.0,-0.0189873417721519
468,ses-008,ses-009,2006,1262.0,1317.0,55.0,0.76851492826677,0.9704587290317852,1.0,Entorhinal Cortex R,-55.0,-0.04176157934700076
469,ses-008,ses-009,2007,7722.0,8175.0,453.0,0.8103415738818645,0.9863730812460408,1.0,Fusiform Gyrus R,-453.0,-0.055412844036697245
470,ses-008,ses-009,2008,15288.0,15737.0,449.0,0.7717647058823529,0.9903894227741483,1.0,Inferior Parietal R,-449.0,-0.028531486306157462
474,ses-008,ses-009,2012,7612.0,8834.0,1222.0,0.7576310349021038,0.9684363606410737,1.4142135623730951,Lateral Orbitofrontal R,-1222.0,-0.13832918270319222
476,ses-008,ses-009,2014,3548.0,3836.0,288.0,0.636240520043337,0.9438754081645764,1.4142135623730951,Medial Orbitofrontal R,-288.0,-0.07507820646506778
490,ses-008,ses-009,2028,30906.0,29809.0,1097.0,0.7647862966318043,0.9805011792459332,1.0,Superior Frontal R,1097.0,0.0368009661511624
492,ses-008,ses-009,2030,16598.0,17022.0,424.0,0.8096371207614516,0.9868012083961623,1.0,Superior Temporal R,-424.0,-0.024908941369991774
495,ses-008,ses-009,2035,6211.0,6218.0,7.0,0.8435111432939094,0.9903730220210167,1.0,Insula R,-7.0,-0.0011257639112254745
496,ses-009,ses-010,1002,3620.0,3556.0,64.0,0.8154960981047937,0.9896021336120914,1.0,Caudal Anterior Cingulate L,64.0,0.01799775028121485
499,ses-009,ses-010,1006,1549.0,1449.0,100.0,0.7945296864576384,0.9782404580778274,1.0,Entorhinal Cortex L,100.0,0.06901311249137336
500,ses-009,ses-010,1007,9045.0,9154.0,109.0,0.8272982031979779,0.9931607534591803,1.0,Fusiform Gyrus L,-109.0,-0.01190736290146384
501,ses-009,ses-010,1008,13570.0,13395.0,175.0,0.811496384201743,0.9922206194789008,1.0,Inferior Parietal L,175.0,0.013064576334453154
505,ses-009,ses-010,1012,8515.0,8274.0,241.0,0.8345940794567872,0.9940709003521254,1.0,Lateral Orbitofrontal L,241.0,0.0291273869954073
507,ses-009,ses-010,1014,4713.0,4518.0,195.0,0.785830354241144,0.9794203511669664,1.0,Medial Orbitofrontal L,195.0,0.04316069057104914
521,ses-009,ses-010,1028,24836.0,24724.0,112.0,0.8251008878127523,0.9970957445517805,1.0,Superior Frontal L,112.0,0.004530011325028313
523,ses-009,ses-010,1030,17066.0,16705.0,361.0,0.8468212371561399,0.9949158352610773,1.0,Superior Temporal L,361.0,0.021610296318467524
526,ses-009,ses-010,1035,6170.0,6104.0,66.0,0.8526967573733094,0.9963929010763218,1.0,Insula L,66.0,0.010812581913499346
527,ses-009,ses-010,2002,2212.0,2186.0,26.0,0.8249204183719873,0.9952222737543172,1.0,Caudal Anterior Cingulate R,26.0,0.011893870082342177
530,ses-009,ses-010,2006,1317.0,1464.0,147.0,0.8126573175116865,0.990080071373993,1.0,Entorhinal Cortex R,-147.0,-0.10040983606557377
531,ses-009,ses-010,2007,8175.0,7830.0,345.0,0.8196188691034052,0.9900308897847154,1.0,Fusiform Gyrus R,345.0,0.044061302681992334
532,ses-009,ses-010,2008,15737.0,15303.0,434.0,0.8279639175257731,0.9975135286144082,1.0,Inferior Parietal R,434.0,0.028360452198915247
536,ses-009,ses-010,2012,8834.0,8477.0,357.0,0.8204032118306279,0.9825847304884103,1.0,Lateral Orbitofrontal R,357.0,0.042113955408753095
538,ses-009,ses-010,2014,3836.0,3995.0,159.0,0.7753799003958626,0.9812885819754327,1.0,Medial Orbitofrontal R,-159.0,-0.039799749687108886
552,ses-009,ses-010,2028,29809.0,29293.0,516.0,0.8295827552367094,0.99626294092747,1.0,Superior Frontal R,516.0,0.017615129894514046
554,ses-009,ses-010,2030,17022.0,16919.0,103.0,0.8531864117144456,0.9941994787034394,1.0,Superior Temporal R,103.0,0.006087830250014776
557,ses-009,ses-010,2035,6218.0,6069.0,149.0,0.8636770570521689,0.9973149949688488,1.0,Insula R,149.0,0.02455099686933597
558,ses-010,ses-011,1002,3556.0,3609.0,53.0,0.7983251919050942,0.9887635630629326,1.0,Caudal Anterior Cingulate L,-53.0,-0.014685508451094486
561,ses-010,ses-011,1006,1449.0,1380.0,69.0,0.8186638388123012,0.9820037119991097,1.0,Entorhinal Cortex L,69.0,0.05
562,ses-010,ses-011,1007,9154.0,8976.0,178.0,0.8156646442360728,0.9898442359563454,1.0,Fusiform Gyrus L,178.0,0.019830659536541888
563,ses-010,ses-011,1008,13395.0,12753.0,642.0,0.8189536484625975,0.9931900355609055,1.0,Inferior Parietal L,642.0,0.050341096212655846
567,ses-010,ses-011,1012,8274.0,8536.0,262.0,0.8173706127305176,0.9905749500504808,1.0,Lateral Orbitofrontal L,-262.0,-0.03069353327085286
569,ses-010,ses-011,1014,4518.0,4797.0,279.0,0.7720880300590446,0.9646028341658305,1.0,Medial Orbitofrontal L,-279.0,-0.058161350844277676
583,ses-010,ses-011,1028,24724.0,27434.0,2710.0,0.8013344069941332,0.9909687775257778,1.0,Superior Frontal L,-2710.0,-0.09878253262375154
585,ses-010,ses-011,1030,16705.0,16981.0,276.0,0.8252686576025648,0.9909570900432985,1.0,Superior Temporal L,-276.0,-0.016253459749131383
588,ses-010,ses-011,1035,6104.0,6248.0,144.0,0.8354922279792746,0.9935469109732812,1.0,Insula L,-144.0,-0.023047375160051217
589,ses-010,ses-011,2002,2186.0,2226.0,40.0,0.7928377153218495,0.9919207504502455,1.0,Caudal Anterior Cingulate R,-40.0,-0.017969451931716084
592,ses-010,ses-011,2006,1464.0,1396.0,68.0,0.8013986013986014,0.97764132528689,1.0,Entorhinal Cortex R,68.0,0.04871060171919771
593,ses-010,ses-011,2007,7830.0,8203.0,373.0,0.8181874883053701,0.9876479887293096,1.0,Fusiform Gyrus R,-373.0,-0.04547116908448129
594,ses-010,ses-011,2008,15303.0,15798.0,495.0,0.7811967460853348,0.9893979423656103,1.0,Inferior Parietal R,-495.0,-0.03133308013672617
598,ses-010,ses-011,2012,8477.0,8239.0,238.0,0.791816223977028,0.9873585417952776,1.0,Lateral Orbitofrontal R,238.0,0.02888700084961767
600,ses-010,ses-011,2014,3995.0,4092.0,97.0,0.7587486088784469,0.9743744673868898,1.0,Medial Orbitofrontal R,-97.0,-0.02370478983382209
614,ses-010,ses-011,2028,29293.0,31421.0,2128.0,0.8009355338142767,0.9904405041639617,1.0,Superior Frontal R,-2128.0,-0.06772540657522039
616,ses-010,ses-011,2030,16919.0,16633.0,286.0,0.8300548402479733,0.9866066761313367,1.0,Superior Temporal R,286.0,0.01719473336139001
619,ses-010,ses-011,2035,6069.0,6294.0,225.0,0.8523821079026126,0.9911342091497969,1.0,Insula R,-225.0,-0.03574833174451859
620,ses-011,ses-012,1002,3609.0,3734.0,125.0,0.8250034046030232,0.9856315124345267,1.0,Caudal Anterior Cingulate L,-125.0,-0.03347616497054098
623,ses-011,ses-012,1006,1380.0,1393.0,13.0,0.8077893977641544,0.9844294069927214,1.0,Entorhinal Cortex L,-13.0,-0.00933237616654702
624,ses-011,ses-012,1007,8976.0,9320.0,344.0,0.8341714035854831,0.9922306416667421,1.0,Fusiform Gyrus L,-344.0,-0.03690987124463519
625,ses-011,ses-012,1008,12753.0,13659.0,906.0,0.8151597758594579,0.9911733688276361,1.0,Inferior Parietal L,-906.0,-0.06632989237865144
629,ses-011,ses-012,1012,8536.0,8388.0,148.0,0.8212006617820846,0.9884811642265414,1.0,Lateral Orbitofrontal L,148.0,0.01764425369575584
631,ses-011,ses-012,1014,4797.0,4695.0,102.0,0.7734934681837337,0.9730159661870799,1.0,Medial Orbitofrontal L,102.0,0.021725239616613417
645,ses-011,ses-012,1028,27434.0,25398.0,2036.0,0.8381284070260449,0.9938275101346884,1.0,Superior Frontal L,2036.0,0.08016379242460037
647,ses-011,ses-012,1030,16981.0,17178.0,197.0,0.8490295383354314,0.9896996806008355,1.0,Superior Temporal L,-197.0,-0.011468156944929562
650,ses-011,ses-012,1035,6248.0,6149.0,99.0,0.8303621843994515,0.9925179426560131,1.0,Insula L,99.0,0.016100178890876567
651,ses-011,ses-012,2002,2226.0,2151.0,75.0,0.8206534155814484,0.9957982379236145,1.0,Caudal Anterior Cingulate R,75.0,0.03486750348675035
654,ses-011,ses-012,2006,1396.0,1321.0,75.0,0.7949944792050055,0.9738392102393393,1.0,Entorhinal Cortex R,75.0,0.05677517032551098
655,ses-011,ses-012,2007,8203.0,7912.0,291.0,0.8352466645982004,0.9892340978598647,1.0,Fusiform Gyrus R,291.0,0.03677957532861476
656,ses-011,ses-012,2008,15798.0,15525.0,273.0,0.7913673658334132,0.990610607084824,1.0,Inferior Parietal R,273.0,0.017584541062801932
660,ses-011,ses-012,2012,8239.0,8739.0,500.0,0.7911414772057958,0.9705692910771659,1.0,Lateral Orbitofrontal R,-500.0,-0.05721478430026319
662,ses-011,ses-012,2014,4092.0,3593.0,499.0,0.715679895901106,0.9357073044076859,1.4142135623730951,Medial Orbitofrontal R,499.0,0.13888115780684665
676,ses-011,ses-012,2028,31421.0,30472.0,949.0,0.8344077682451974,0.9918298317328805,1.0,Superior Frontal R,949.0,0.03114334470989761
678,ses-011,ses-012,2030,16633.0,17294.0,661.0,0.8253013823798155,0.9895624570927284,1.0,Superior Temporal R,-661.0,-0.03822134844454724
681,ses-011,ses-012,2035,6294.0,6148.0,146.0,0.8339495257997107,0.9918672406408586,1.0,Insula R,146.0,0.023747560182173066
682,ses-012,ses-013,1002,3734.0,3674.0,60.0,0.8434125269978402,0.9966516635981048,1.0,Caudal Anterior Cingulate L,60.0,0.01633097441480675
685,ses-012,ses-013,1006,1393.0,1345.0,48.0,0.8356464572680788,0.9855499607241561,1.0,Entorhinal Cortex L,48.0,0.035687732342007436
686,ses-012,ses-013,1007,9320.0,9234.0,86.0,0.8462865150371888,0.9931346036937453,1.0,Fusiform Gyrus L,86.0,0.009313406974225688
687,ses-012,ses-013,1008,13659.0,13259.0,400.0,0.8245040493350174,0.9951295575505195,1.0,Inferior Parietal L,400.0,0.030168187646127158
691,ses-012,ses-013,1012,8388.0,8292.0,96.0,0.8308153477218225,0.9953672636676081,1.0,Lateral Orbitofrontal L,96.0,0.011577424023154847
693,ses-012,ses-013,1014,4695.0,4684.0,11.0,0.7960336922912891,0.9836769540992273,1.0,Medial Orbitofrontal L,11.0,0.0023484201537147735
707,ses-012,ses-013,1028,25398.0,25216.0,182.0,0.820089303354803,0.9965288824613662,1.0,Superior Frontal L,182.0,0.007217639593908629
709,ses-012,ses-013,1030,17178.0,16971.0,207.0,0.858473161732408,0.9969990912324448,1.0,Superior Temporal L,207.0,0.012197277709033056
712,ses-012,ses-013,1035,6149.0,6248.0,99.0,0.8511736710494474,0.9965106643820978,1.0,Insula L,-99.0,-0.01584507042253521
713,ses-012,ses-013,2002,2151.0,2231.0,80.0,0.8032861706983113,0.9931182263612399,1.0,Caudal Anterior Cingulate R,-80.0,-0.03585835948005379
716,ses-012,ses-013,2006,1321.0,1359.0,38.0,0.7902985074626866,0.9694455856011225,1.0,Entorhinal Cortex R,-38.0,-0.027961736571008096
717,ses-012,ses-013,2007,7912.0,7926.0,14.0,0.8473292082333628,0.9930025816379651,1.0,Fusiform Gyrus R,-14.0,-0.0017663386323492304
718,ses-012,ses-013,2008,15525.0,15204.0,321.0,0.8213739464349638,0.9974167646529631,1.0,Inferior Parietal R,321.0,0.02111286503551697
722,ses-012,ses-013,2012,8739.0,8543.0,196.0,0.8003703275083902,0.9796672353540576,1.0,Lateral Orbitofrontal R,196.0,0.022942760154512465
724,ses-012,ses-013,2014,3593.0,4106.0,513.0,0.7468502402909468,0.9477817443766104,2.0,Medial Orbitofrontal R,-513.0,-0.12493911349245007
738,ses-012,ses-013,2028,30472.0,29985.0,487.0,0.8259424053459483,0.9913434931509999,1.0,Superior Frontal R,487.0,0.016241454060363515
740,ses-012,ses-013,2030,17294.0,16959.0,335.0,0.856859253204099,0.9873717854869093,1.0,Superior Temporal R,335.0,0.019753523203019045
743,ses-012,ses-013,2035,6148.0,6099.0,49.0,0.8544133257124193,0.9942826868768543,1.0,Insula R,49.0,0.008034103951467454
744,ses-013,ses-014,1002,3674.0,3604.0,70.0,0.8136850783182193,0.9908627541721385,1.0,Caudal Anterior Cingulate L,70.0,0.019422863485016647
747,ses-013,ses-014,1006,1345.0,1365.0,20.0,0.8118081180811808,0.9830837781726586,1.0,Entorhinal Cortex L,-20.0,-0.014652014652014652
748,ses-013,ses-014,1007,9234.0,8999.0,235.0,0.8161026709811879,0.9905794647981906,1.0,Fusiform Gyrus L,235.0,0.02611401266807423
749,ses-013,ses-014,1008,13259.0,13523.0,264.0,0.8322754088566948,0.9929437816735697,1.0,Inferior Parietal L,-264.0,-0.019522295348665238
753,ses-013,ses-014,1012,8292.0,8432.0,140.0,0.8135613489595791,0.9884800916000811,1.0,Lateral Orbitofrontal L,-140.0,-0.016603415559772294
755,ses-013,ses-014,1014,4684.0,4465.0,219.0,0.7620504973221117,0.9821687905556558,1.0,Medial Orbitofrontal L,219.0,0.049048152295632697
769,ses-013,ses-014,1028,25216.0,27059.0,1843.0,0.8315638450502152,0.996549380578378,1.0,Superior Frontal L,-1843.0,-0.06811042536679109
771,ses-013,ses-014,1030,16971.0,17239.0,268.0,0.8380590470622625,0.9924626178241982,1.0,Superior Temporal L,-268.0,-0.015546145368060793
774,ses-013,ses-014,1035,6248.0,6295.0,47.0,0.849876425097664,0.9934268884462668,1.0,Insula L,-47.0,-0.007466243050039714
775,ses-013,ses-014,2002,2231.0,2136.0,95.0,0.7858942065491183,0.9852228394283078,1.0,Caudal Anterior Cingulate R,95.0,0.04447565543071161
778,ses-013,ses-014,2006,1359.0,1358.0,1.0,0.7684946632315053,0.9551336836238297,1.4142135623730951,Entorhinal Cortex R,1.0,0.0007363770250368188
779,ses-013,ses-014,2007,7926.0,8051.0,125.0,0.8094135319521812,0.9879488798091989,1.0,Fusiform Gyrus R,-125.0,-0.015526021612222085
780,ses-013,ses-014,2008,15204.0,16117.0,913.0,0.820024903419431,0.9960830783064332,1.0,Inferior Parietal R,-913.0,-0.05664825960166284
784,ses-013,ses-014,2012,8543.0,8351.0,192.0,0.7889191428909672,0.9763487633841501,1.0,Lateral Orbitofrontal R,192.0,0.022991258531912345
786,ses-013,ses-014,2014,4106.0,4216.0,110.0,0.7541456380677721,0.9811572172177596,1.0,Medial Orbitofrontal R,-110.0,-0.026091081593927895
800,ses-013,ses-014,2028,29985.0,31190.0,1205.0,0.8179158152840212,0.9944734469433538,1.0,Superior Frontal R,-1205.0,-0.038634177621032384
802,ses-013,ses-014,2030,16959.0,16873.0,86.0,0.8275597067864744,0.9834609968541159,1.0,Superior Temporal R,86.0,0.0050969003733775855
805,ses-013,ses-014,2035,6099.0,6316.0,217.0,0.8418848167539267,0.9893619203092168,1.0,Insula R,-217.0,-0.03435718809373021
806,ses-014,ses-015,1002,3604.0,3439.0,165.0,0.8255004969473236,0.9951421549246771,1.0,Caudal Anterior Cingulate L,165.0,0.047979063681302704
809,ses-014,ses-015,1006,1365.0,1635.0,270.0,0.758,0.9309028690380071,2.23606797749979,Entorhinal Cortex L,-270.0,-0.1651376146788991
810,ses-014,ses-015,1007,8999.0,8947.0,52.0,0.823916193023515,0.9808058063001999,1.0,Fusiform Gyrus L,52.0,0.005812004023695094
811,ses-014,ses-015,1008,13523.0,13294.0,229.0,0.8488645262333594,0.9959502368564059,1.0,Inferior Parietal L,229.0,0.01722581615766511
815,ses-014,ses-015,1012,8432.0,8395.0,37.0,0.8289059250014857,0.9797036672136789,1.0,Lateral Orbitofrontal L,37.0,0.004407385348421679
817,ses-014,ses-015,1014,4465.0,4523.0,58.0,0.7908322207387628,0.9846649758767049,1.0,Medial Orbitofrontal L,-58.0,-0.012823347335839045
831,ses-014,ses-015,1028,27059.0,26910.0,149.0,0.8494135522244252,0.9979392777113386,1.0,Superior Frontal L,149.0,0.005536975102192494
833,ses-014,ses-015,1030,17239.0,17318.0,79.0,0.8458488873455451,0.9916415146081502,1.0,Superior Temporal L,-79.0,-0.00456172768218039
836,ses-014,ses-015,1035,6295.0,6219.0,76.0,0.8579191305737573,0.9942429949938402,1.0,Insula L,76.0,0.012220614246663451
837,ses-014,ses-015,2002,2136.0,2250.0,114.0,0.7966256269949841,0.9939572721701059,1.0,Caudal Anterior Cingulate R,-114.0,-0.050666666666666665
840,ses-014,ses-015,2006,1358.0,1371.0,13.0,0.7893001099303775,0.9579487776029191,1.4142135623730951,Entorhinal Cortex R,-13.0,-0.009482129832239242
841,ses-014,ses-015,2007,8051.0,8203.0,152.0,0.8255198720314999,0.98870173428371,1.0,Fusiform Gyrus R,-152.0,-0.01852980616847495
842,ses-014,ses-015,2008,16117.0,16096.0,21.0,0.8465526340297396,0.9947486483690058,1.0,Inferior Parietal R,21.0,0.0013046719681908548
846,ses-014,ses-015,2012,8351.0,8195.0,156.0,0.8107095370482292,0.9774814385249823,1.0,Lateral Orbitofrontal R,156.0,0.019035997559487493
848,ses-014,ses-015,2014,4216.0,4058.0,158.0,0.7863185883490452,0.9921774856050045,1.0,Medial Orbitofrontal R,158.0,0.03893543617545589
862,ses-014,ses-015,2028,31190.0,31103.0,87.0,0.8425023678422937,0.9969188049380981,1.0,Superior Frontal R,87.0,0.0027971578304343634
864,ses-014,ses-015,2030,16873.0,17067.0,194.0,0.8461402474955805,0.9905171010453115,1.0,Superior Temporal R,-194.0,-0.011366965488955294
867,ses-014,ses-015,2035,6316.0,6172.0,144.0,0.8613068545803971,0.993769776785997,1.0,Insula R,144.0,0.023331173039533377
868,ses-015,ses-016,1002,3439.0,3695.0,256.0,0.8222596019063639,0.9962507631128228,1.0,Caudal Anterior Cingulate L,-256.0,-0.06928281461434371
871,ses-015,ses-016,1006,1635.0,1453.0,182.0,0.7610103626943006,0.9407985775381285,2.0,Entorhinal Cortex L,182.0,0.12525808671713695
872,ses-015,ses-016,1007,8947.0,9118.0,171.0,0.8357597564350955,0.9860793136656407,1.0,Fusiform Gyrus L,-171.0,-0.018754112744022812
873,ses-015,ses-016,1008,13294.0,12918.0,376.0,0.8421333740271632,0.9971964985461055,1.0,Inferior Parietal L,376.0,0.029106672859575786
877,ses-015,ses-016,1012,8395.0,8510.0,115.0,0.8302868973676427,0.9838824170998319,1.0,Lateral Orbitofrontal L,-115.0,-0.013513513513513514
879,ses-015,ses-016,1014,4523.0,4645.0,122.0,0.8067190226876091,0.9857989164123075,1.0,Medial Orbitofrontal L,-122.0,-0.02626480086114101
893,ses-015,ses-016,1028,26910.0,27288.0,378.0,0.853647736078822,0.9975672699504401,1.0,Superior Frontal L,-378.0,-0.013852242744063324
895,ses-015,ses-016,1030,17318.0,17343.0,25.0,0.8407720492772857,0.9890986846477087,1.0,Superior Temporal L,-25.0,-0.001441503776739895
898,ses-015,ses-016,1035,6219.0,6362.0,143.0,0.8473094348620936,0.987381945980323,1.0,Insula L,-143.0,-0.022477208425023577
899,ses-015,ses-016,2002,2250.0,2210.0,40.0,0.8139013452914798,0.9889529877998895,1.0,Caudal Anterior Cingulate R,40.0,0.01809954751131222
902,ses-015,ses-016,2006,1371.0,1506.0,135.0,0.7799791449426486,0.9768841631997012,1.0,Entorhinal Cortex R,-135.0,-0.08964143426294821
903,ses-015,ses-016,2007,8203.0,8218.0,15.0,0.8355154984471104,0.9939889114914212,1.0,Fusiform Gyrus R,-15.0,-0.0018252616208323193
904,ses-015,ses-016,2008,16096.0,16268.0,172.0,0.8406871832900754,0.9952342280002044,1.0,Inferior Parietal R,-172.0,-0.010572903860339317
908,ses-015,ses-016,2012,8195.0,8339.0,144.0,0.8289585097375106,0.9934034975877922,1.0,Lateral Orbitofrontal R,-144.0,-0.01726825758484231
910,ses-015,ses-016,2014,4058.0,4326.0,268.0,0.764074427480916,0.9770722368943087,1.0,Medial Orbitofrontal R,-268.0,-0.061950993989828944
924,ses-015,ses-016,2028,31103.0,31516.0,413.0,0.8463565371532602,0.9944599660569968,1.0,Superior Frontal R,-413.0,-0.013104454880060921
926,ses-015,ses-016,2030,17067.0,17277.0,210.0,0.8427672955974843,0.9916772212857873,1.0,Superior Temporal R,-210.0,-0.01215488800138913
929,ses-015,ses-016,2035,6172.0,6330.0,158.0,0.8550631898896177,0.9905818755428788,1.0,Insula R,-158.0,-0.024960505529225907
930,ses-016,ses-017,1002,3695.0,3600.0,95.0,0.8364633310486634,0.9847872256776995,1.0,Caudal Anterior Cingulate L,95.0,0.02638888888888889
933,ses-016,ses-017,1006,1453.0,1430.0,23.0,0.7457509538674991,0.9613375917509679,1.0,Entorhinal Cortex L,23.0,0.016083916083916083
934,ses-016,ses-017,1007,9118.0,8848.0,270.0,0.7993988645218747,0.9874277269716975,1.0,Fusiform Gyrus L,270.0,0.030515370705244124
935,ses-016,ses-017,1008,12918.0,13068.0,150.0,0.8269837604864158,0.9925956259965746,1.0,Inferior Parietal L,-150.0,-0.01147842056932966
939,ses-016,ses-017,1012,8510.0,8206.0,304.0,0.7859535774108638,0.9874433906269857,1.0,Lateral Orbitofrontal L,304.0,0.03704606385571533
941,ses-016,ses-017,1014,4645.0,4653.0,8.0,0.7642503764250377,0.9791524334713241,1.0,Medial Orbitofrontal L,-8.0,-0.0017193208682570384
955,ses-016,ses-017,1028,27288.0,25188.0,2100.0,0.8204512539065477,0.9927563447900879,1.0,Superior Frontal L,2100.0,0.08337303477846593
957,ses-016,ses-017,1030,17343.0,17144.0,199.0,0.793574390349987,0.977264902413195,1.0,Superior Temporal L,199.0,0.011607559496033598
960,ses-016,ses-017,1035,6362.0,6195.0,167.0,0.8322051445408936,0.987009450658148,1.0,Insula L,167.0,0.02695722356739306
961,ses-016,ses-017,2002,2210.0,2065.0,145.0,0.8173099415204679,0.991008450610758,1.0,Caudal Anterior Cingulate R,145.0,0.07021791767554479
964,ses-016,ses-017,2006,1506.0,1442.0,64.0,0.8256445047489823,0.9742516494803164,1.0,Entorhinal Cortex R,64.0,0.044382801664355064
965,ses-016,ses-017,2007,8218.0,8127.0,91.0,0.83646375038238,0.993405827686151,1.0,Fusiform Gyrus R,91.0,0.01119724375538329
966,ses-016,ses-017,2008,16268.0,14847.0,1421.0,0.82596818254861,0.9940664223967691,1.0,Inferior Parietal R,1421.0,0.09570957095709572
970,ses-016,ses-017,2012,8339.0,8499.0,160.0,0.7783584748782516,0.9745833421431412,1.0,Lateral Orbitofrontal R,-160.0,-0.018825744205200612
972,ses-016,ses-017,2014,4326.0,4131.0,195.0,0.7279177013125222,0.9664484662840521,1.0,Medial Orbitofrontal R,195.0,0.04720406681190995
986,ses-016,ses-017,2028,31516.0,29811.0,1705.0,0.8286725259673553,0.9947904639634823,1.0,Superior Frontal R,1705.0,0.05719365334943477
988,ses-016,ses-017,2030,17277.0,17130.0,147.0,0.8568605225680821,0.9882025429406048,1.0,Superior Temporal R,147.0,0.008581436077057794
991,ses-016,ses-017,2035,6330.0,6154.0,176.0,0.8735982057033003,0.9909582809236719,1.0,Insula R,176.0,0.028599285017874555
992,ses-017,ses-018,1002,3600.0,3718.0,118.0,0.8393003552883301,0.983642337762277,1.0,Caudal Anterior Cingulate L,-118.0,-0.03173749327595481
995,ses-017,ses-018,1006,1430.0,1446.0,16.0,0.8331015299026425,0.9881533770900136,1.0,Entorhinal Cortex L,-16.0,-0.011065006915629323
996,ses-017,ses-018,1007,8848.0,9101.0,253.0,0.8417182015711182,0.9922862738119164,1.0,Fusiform Gyrus L,-253.0,-0.02779914295132403
997,ses-017,ses-018,1008,13068.0,13247.0,179.0,0.8520615618468554,0.9979254808471316,1.0,Inferior Parietal L,-179.0,-0.013512493394730882
1001,ses-017,ses-018,1012,8206.0,8323.0,117.0,0.8069453687458407,0.9917151720919506,1.0,Lateral Orbitofrontal L,-117.0,-0.014057431214706236
1003,ses-017,ses-018,1014,4653.0,4634.0,19.0,0.7765693980833424,0.988288276928643,1.0,Medial Orbitofrontal L,19.0,0.004100129477772983
1017,ses-017,ses-018,1028,25188.0,26109.0,921.0,0.8447277618574186,0.9970601030405079,1.0,Superior Frontal L,-921.0,-0.0352751924623693
1019,ses-017,ses-018,1030,17144.0,16755.0,389.0,0.8503495678338594,0.995900779067607,1.0,Superior Temporal L,389.0,0.02321695016413011
1022,ses-017,ses-018,1035,6195.0,6084.0,111.0,0.8570730515514293,0.9956724361085821,1.0,Insula L,111.0,0.01824457593688363
1023,ses-017,ses-018,2002,2065.0,2250.0,185.0,0.8180764774044033,0.9791411637130972,1.0,Caudal Anterior Cingulate R,-185.0,-0.08222222222222222
1026,ses-017,ses-018,2006,1442.0,1349.0,93.0,0.793980652096023,0.9643451828577715,1.0,Entorhinal Cortex R,93.0,0.06893995552260934
1027,ses-017,ses-018,2007,8127.0,8018.0,109.0,0.8504180860947662,0.9947861733215021,1.0,Fusiform Gyrus R,109.0,0.013594412571713644
1028,ses-017,ses-018,2008,14847.0,15608.0,761.0,0.8252175340666558,0.9938649432119798,1.0,Inferior Parietal R,-761.0,-0.04875704766786264
1032,ses-017,ses-018,2012,8499.0,8514.0,15.0,0.8098512901898548,0.9917687535958453,1.0,Lateral Orbitofrontal R,-15.0,-0.0017618040873854828
1034,ses-017,ses-018,2014,4131.0,3919.0,212.0,0.733664596273292,0.97292083280786,1.0,Medial Orbitofrontal R,212.0,0.054095432508292934
1048,ses-017,ses-018,2028,29811.0,30575.0,764.0,0.8448315834796145,0.994696805108486,1.0,Superior Frontal R,-764.0,-0.02498773507767784
1050,ses-017,ses-018,2030,17130.0,17172.0,42.0,0.8452568363360737,0.9895916151067654,1.0,Superior Temporal R,-42.0,-0.002445842068483578
1053,ses-017,ses-018,2035,6154.0,6204.0,50.0,0.8622754491017964,0.9974091843167342,1.0,Insula R,-50.0,-0.008059316569954868
1054,ses-018,ses-019,1002,3718.0,3731.0,13.0,0.848436031682105,0.992764126107061,1.0,Caudal Anterior Cingulate L,-13.0,-0.003484320557491289
1057,ses-018,ses-019,1006,1446.0,1435.0,11.0,0.8101353696633113,0.9711851553916689,1.0,Entorhinal Cortex L,11.0,0.007665505226480836
1058,ses-018,ses-019,1007,9101.0,9103.0,2.0,0.8336629312239069,0.993914503307326,1.0,Fusiform Gyrus L,-2.0,-0.00021970778864110734
1059,ses-018,ses-019,1008,13247.0,13510.0,263.0,0.8317075905370557,0.9954142548835696,1.0,Inferior Parietal L,-263.0,-0.019467061435973352
1063,ses-018,ses-019,1012,8323.0,8379.0,56.0,0.8324751526763262,0.9944167779265563,1.0,Lateral Orbitofrontal L,-56.0,-0.006683375104427736
1065,ses-018,ses-019,1014,4634.0,4594.0,40.0,0.7949718248807975,0.9862438067394611,1.0,Medial Orbitofrontal L,40.0,0.0087070091423596
1079,ses-018,ses-019,1028,26109.0,25918.0,191.0,0.8451381013704423,0.996933416713112,1.0,Superior Frontal L,191.0,0.007369395786711938
1081,ses-018,ses-019,1030,16755.0,17057.0,302.0,0.8525375606293624,0.9961105736854113,1.0,Superior Temporal L,-302.0,-0.017705340915753064
1084,ses-018,ses-019,1035,6084.0,6239.0,155.0,0.8442749330520165,0.9960533566971236,1.0,Insula L,-155.0,-0.024843724955922422
1085,ses-018,ses-019,2002,2250.0,2312.0,62.0,0.8329679964927663,0.996082094370497,1.0,Caudal Anterior Cingulate R,-62.0,-0.026816608996539794
1088,ses-018,ses-019,2006,1349.0,1333.0,16.0,0.808351976137211,0.9844982072236037,1.0,Entorhinal Cortex R,16.0,0.012003000750187547
1089,ses-018,ses-019,2007,8018.0,8089.0,71.0,0.8509343763581052,0.9949828612390985,1.0,Fusiform Gyrus R,-71.0,-0.008777351959451106
1090,ses-018,ses-019,2008,15608.0,15300.0,308.0,0.8359000905914327,0.9974403905572462,1.0,Inferior Parietal R,308.0,0.020130718954248367
1094,ses-018,ses-019,2012,8514.0,8486.0,28.0,0.8238823529411765,0.9943080804579465,1.0,Lateral Orbitofrontal R,28.0,0.0032995522036295072
1096,ses-018,ses-019,2014,3919.0,4154.0,235.0,0.768983029852595,0.9794909086171992,1.0,Medial Orbitofrontal R,-235.0,-0.05657197881559942
1110,ses-018,ses-019,2028,30575.0,30295.0,280.0,0.85066535239034,0.9978803200847338,1.0,Superior Frontal R,280.0,0.009242449249050998
1112,ses-018,ses-019,2030,17172.0,17420.0,248.0,0.8583487511563367,0.9935086595326428,1.0,Superior Temporal R,-248.0,-0.01423650975889782
1115,ses-018,ses-019,2035,6204.0,6225.0,21.0,0.8555796926542762,0.9962738927708992,1.0,Insula R,-21.0,-0.0033734939759036144
1116,ses-019,ses-020,1002,3731.0,3661.0,70.0,0.8387445887445888,0.9949134914753944,1.0,Caudal Anterior Cingulate L,70.0,0.019120458891013385
1119,ses-019,ses-020,1006,1435.0,1372.0,63.0,0.7930174563591023,0.9818300595902227,1.0,Entorhinal Cortex L,63.0,0.04591836734693878
1120,ses-019,ses-020,1007,9103.0,9355.0,252.0,0.8353017661718496,0.9941534637582238,1.0,Fusiform Gyrus L,-252.0,-0.02693746659540353
1121,ses-019,ses-020,1008,13510.0,13361.0,149.0,0.8193963752744594,0.997139719794351,1.0,Inferior Parietal L,149.0,0.011151859890726742
1125,ses-019,ses-020,1012,8379.0,8052.0,327.0,0.8330594607753636,0.9901074008900804,1.0,Lateral Orbitofrontal L,327.0,0.040611028315946346
1127,ses-019,ses-020,1014,4594.0,4537.0,57.0,0.7975030117183222,0.9826306472933516,1.0,Medial Orbitofrontal L,57.0,0.012563367864227463
1141,ses-019,ses-020,1028,25918.0,25627.0,291.0,0.8342613250557765,0.9973649958837879,1.0,Superior Frontal L,291.0,0.011355211300581418
1143,ses-019,ses-020,1030,17057.0,16829.0,228.0,0.8468394027031813,0.9958607019828595,1.0,Superior Temporal L,228.0,0.013548042070235902
1146,ses-019,ses-020,1035,6239.0,6131.0,108.0,0.8514147130153598,0.9948636371800892,1.0,Insula L,108.0,0.01761539716196379
1147,ses-019,ses-020,2002,2312.0,2169.0,143.0,0.8212452577549654,0.9912474547964554,1.0,Caudal Anterior Cingulate R,143.0,0.06592899953895805
1150,ses-019,ses-020,2006,1333.0,1446.0,113.0,0.8132421734436848,0.988406012399552,1.0,Entorhinal Cortex R,-113.0,-0.07814661134163209
1151,ses-019,ses-020,2007,8089.0,8122.0,33.0,0.8336314847942755,0.995467858827851,1.0,Fusiform Gyrus R,-33.0,-0.004063038660428466
1152,ses-019,ses-020,2008,15300.0,15190.0,110.0,0.8053788127254837,0.9964369892931144,1.0,Inferior Parietal R,110.0,0.007241606319947334
1156,ses-019,ses-020,2012,8486.0,8625.0,139.0,0.8291742154169832,0.990642801594932,1.0,Lateral Orbitofrontal R,-139.0,-0.016115942028985506
1158,ses-019,ses-020,2014,4154.0,4029.0,125.0,0.7755102040816326,0.9782484944737001,1.0,Medial Orbitofrontal R,125.0,0.03102506825515016
1172,ses-019,ses-020,2028,30295.0,30387.0,92.0,0.8377443063841007,0.9965699499317285,1.0,Superior Frontal R,-92.0,-0.0030276104913285287
1174,ses-019,ses-020,2030,17420.0,17415.0,5.0,0.854600258360844,0.9949076368752602,1.0,Superior Temporal R,5.0,0.0002871088142405972
1177,ses-019,ses-020,2035,6225.0,6228.0,3.0,0.8550550068256645,0.9962488677377925,1.0,Insula R,-3.0,-0.0004816955684007707
1178,ses-020,ses-021,1002,3661.0,3562.0,99.0,0.8306797729475287,0.9843535732917776,1.0,Caudal Anterior Cingulate L,99.0,0.027793374508702975
1181,ses-020,ses-021,1006,1372.0,1451.0,79.0,0.8076514346439958,0.9864865841786153,1.0,Entorhinal Cortex L,-79.0,-0.05444521019986216
1182,ses-020,ses-021,1007,9355.0,8987.0,368.0,0.8105986261040236,0.9870051273543307,1.0,Fusiform Gyrus L,368.0,0.04094803605207522
1183,ses-020,ses-021,1008,13361.0,12941.0,420.0,0.7450384001216638,0.9860612764101141,1.0,Inferior Parietal L,420.0,0.03245498802256394
1187,ses-020,ses-021,1012,8052.0,8255.0,203.0,0.7898448519040903,0.9782273300323447,1.0,Lateral Orbitofrontal L,-203.0,-0.02459115687462144
1189,ses-020,ses-021,1014,4537.0,4650.0,113.0,0.7619462283661695,0.9754974398441423,1.0,Medial Orbitofrontal L,-113.0,-0.024301075268817203
1203,ses-020,ses-021,1028,25627.0,25603.0,24.0,0.8140933047042749,0.9946549109791462,1.0,Superior Frontal L,24.0,0.0009373901495918447
1205,ses-020,ses-021,1030,16829.0,17034.0,205.0,0.8436937069958361,0.9949246657297109,1.0,Superior Temporal L,-205.0,-0.012034754021369026
1208,ses-020,ses-021,1035,6131.0,6199.0,68.0,0.8536901865369019,0.9952343492577531,1.0,Insula L,-68.0,-0.010969511211485724
1209,ses-020,ses-021,2002,2169.0,2164.0,5.0,0.840064620355412,0.9980718952186625,1.0,Caudal Anterior Cingulate R,5.0,0.0023105360443622922
1212,ses-020,ses-021,2006,1446.0,1353.0,93.0,0.7767059664165773,0.975049447252542,1.0,Entorhinal Cortex R,93.0,0.06873614190687362
1213,ses-020,ses-021,2007,8122.0,7996.0,126.0,0.8146171981635438,0.9909222071081926,1.0,Fusiform Gyrus R,126.0,0.015757878939469734
1214,ses-020,ses-021,2008,15190.0,15897.0,707.0,0.7751793354135169,0.9874079210402319,1.0,Inferior Parietal R,-707.0,-0.04447380008806693
1218,ses-020,ses-021,2012,8625.0,8772.0,147.0,0.793585100879462,0.9863707849299368,1.0,Lateral Orbitofrontal R,-147.0,-0.016757865937072503
1220,ses-020,ses-021,2014,4029.0,4232.0,203.0,0.7526933785256023,0.9897894663771569,1.0,Medial Orbitofrontal R,-203.0,-0.04796786389413989
1234,ses-020,ses-021,2028,30387.0,30344.0,43.0,0.8156625117320644,0.9946711592342976,1.0,Superior Frontal R,43.0,0.001417084102293699
1236,ses-020,ses-021,2030,17415.0,17333.0,82.0,0.8539196500518016,0.993988761099163,1.0,Superior Temporal R,82.0,0.004730860208850171
1239,ses-020,ses-021,2035,6228.0,6113.0,115.0,0.8485536018150879,0.9954932033097202,1.0,Insula R,115.0,0.01881236708653689
1240,ses-021,ses-022,1002,3562.0,3497.0,65.0,0.8247627142654766,0.9895471145981092,1.0,Caudal Anterior Cingulate L,65.0,0.01858736059479554
1243,ses-021,ses-022,1006,1451.0,1440.0,11.0,0.8384641992390176,0.9908161553502582,1.0,Entorhinal Cortex L,11.0,0.007638888888888889
1244,ses-021,ses-022,1007,8987.0,8907.0,80.0,0.8122275623113893,0.990279675099122,1.0,Fusiform Gyrus L,80.0,0.00898169978668463
1245,ses-021,ses-022,1008,12941.0,12754.0,187.0,0.8098073555166375,0.988974291832859,1.0,Inferior Parietal L,187.0,0.014662066802571741
1249,ses-021,ses-022,1012,8255.0,7704.0,551.0,0.8298765586816217,0.9942275232058564,1.0,Lateral Orbitofrontal L,551.0,0.07152128764278297
1251,ses-021,ses-022,1014,4650.0,4347.0,303.0,0.7918194953873513,0.9904865057950702,1.0,Medial Orbitofrontal L,303.0,0.06970324361628709
1265,ses-021,ses-022,1028,25603.0,25675.0,72.0,0.8300635750224268,0.9963408599859868,1.0,Superior Frontal L,-72.0,-0.002804284323271665
1267,ses-021,ses-022,1030,17034.0,16652.0,382.0,0.8608917651249778,0.9968211226142786,1.0,Superior Temporal L,382.0,0.022940187364881095
1270,ses-021,ses-022,1035,6199.0,6038.0,161.0,0.8510255781645828,0.9957681868414974,1.0,Insula L,161.0,0.02666445842994369
1271,ses-021,ses-022,2002,2164.0,2289.0,125.0,0.8201212665618685,0.9914726447645337,1.0,Caudal Anterior Cingulate R,-125.0,-0.054608999563128
1274,ses-021,ses-022,2006,1353.0,1450.0,97.0,0.8112736353906529,0.9803635048389615,1.0,Entorhinal Cortex R,-97.0,-0.06689655172413793
1275,ses-021,ses-022,2007,7996.0,7756.0,240.0,0.8133570340274251,0.9919048813116454,1.0,Fusiform Gyrus R,240.0,0.030943785456420837
1276,ses-021,ses-022,2008,15897.0,15442.0,455.0,0.7988129806311625,0.9906549105872352,1.0,Inferior Parietal R,455.0,0.02946509519492294
1280,ses-021,ses-022,2012,8772.0,7992.0,780.0,0.813528990694345,0.9838685927323072,1.0,Lateral Orbitofrontal R,780.0,0.09759759759759759
1282,ses-021,ses-022,2014,4232.0,3863.0,369.0,0.7666460778258184,0.9802063077436242,1.0,Medial Orbitofrontal R,369.0,0.09552161532487703
1296,ses-021,ses-022,2028,30344.0,30256.0,88.0,0.8227392739273928,0.9922969527341547,1.0,Superior Frontal R,88.0,0.002908514013749339
1298,ses-021,ses-022,2030,17333.0,16982.0,351.0,0.8586332507649715,0.9932898045551993,1.0,Superior Temporal R,351.0,0.020668943587327758
1301,ses-021,ses-022,2035,6113.0,6014.0,99.0,0.8702894367939309,0.9979810712092252,1.0,Insula R,99.0,0.016461589624210175
1302,ses-022,ses-023,1002,3497.0,3590.0,93.0,0.8198109214053901,0.9883075553394302,1.0,Caudal Anterior Cingulate L,-93.0,-0.025905292479108635
1305,ses-022,ses-023,1006,1440.0,1369.0,71.0,0.7262370950516198,0.9051558577948281,2.0,Entorhinal Cortex L,71.0,0.05186267348429511
1306,ses-022,ses-023,1007,8907.0,9117.0,210.0,0.8268974700399467,0.9912904553630694,1.0,Fusiform Gyrus L,-210.0,-0.02303389272787101
1307,ses-022,ses-023,1008,12754.0,13536.0,782.0,0.8353746671738304,0.9908663039963302,1.0,Inferior Parietal L,-782.0,-0.057771867612293144
1311,ses-022,ses-023,1012,7704.0,8511.0,807.0,0.7597903176071539,0.9759453227826029,1.0,Lateral Orbitofrontal L,-807.0,-0.09481847021501587
1313,ses-022,ses-023,1014,4347.0,4581.0,234.0,0.7524641577060932,0.9757151857335234,1.0,Medial Orbitofrontal L,-234.0,-0.05108055009823183
1327,ses-022,ses-023,1028,25675.0,27242.0,1567.0,0.828467222253718,0.9950040479612484,1.0,Superior Frontal L,-1567.0,-0.05752147419425886
1329,ses-022,ses-023,1030,16652.0,17005.0,353.0,0.8306147309623555,0.9888717295593588,1.0,Superior Temporal L,-353.0,-0.020758600411643634
1332,ses-022,ses-023,1035,6038.0,6274.0,236.0,0.842267706302794,0.9935790241867197,1.0,Insula L,-236.0,-0.03761555626394644
1333,ses-022,ses-023,2002,2289.0,2091.0,198.0,0.7858447488584475,0.9611082730102375,1.4142135623730951,Caudal Anterior Cingulate R,198.0,0.09469153515064563
1336,ses-022,ses-023,2006,1450.0,1411.0,39.0,0.7864383082838169,0.9790928197171397,1.0,Entorhinal Cortex R,39.0,0.027639971651311126
1337,ses-022,ses-023,2007,7756.0,8269.0,513.0,0.8313260530421217,0.9935907176499036,1.0,Fusiform Gyrus R,-513.0,-0.062038940621598745
1338,ses-022,ses-023,2008,15442.0,16089.0,647.0,0.8342266341061177,0.9932965006242543,1.0,Inferior Parietal R,-647.0,-0.04021381067810305
1342,ses-022,ses-023,2012,7992.0,8088.0,96.0,0.8007462686567164,0.9840439669583457,1.0,Lateral Orbitofrontal R,-96.0,-0.011869436201780416
1344,ses-022,ses-023,2014,3863.0,4240.0,377.0,0.7128224114525484,0.944709187573813,1.4142135623730951,Medial Orbitofrontal R,-377.0,-0.08891509433962264
1358,ses-022,ses-023,2028,30256.0,30373.0,117.0,0.8038397466558908,0.9857673036011253,1.0,Superior Frontal R,-117.0,-0.0038521054884272216
1360,ses-022,ses-023,2030,16982.0,16925.0,57.0,0.8291503229421653,0.9904700170817706,1.0,Superior Temporal R,57.0,0.003367799113737075
1363,ses-022,ses-023,2035,6014.0,6338.0,324.0,0.8497409326424871,0.9921140955886519,1.0,Insula R,-324.0,-0.05112022720100978
1364,ses-023,ses-024,1002,3590.0,3737.0,147.0,0.7945953323324689,0.9684574160218733,1.4142135623730951,Caudal Anterior Cingulate L,-147.0,-0.039336366069039334
1367,ses-023,ses-024,1006,1369.0,1518.0,149.0,0.7010737790093523,0.9007926443026735,2.449489742783178,Entorhinal Cortex L,-149.0,-0.0981554677206851
1368,ses-023,ses-024,1007,9117.0,8370.0,747.0,0.7882426945731115,0.9771580304354975,1.0,Fusiform Gyrus L,747.0,0.08924731182795699
1369,ses-023,ses-024,1008,13536.0,13798.0,262.0,0.8178093217238603,0.9939217960763052,1.0,Inferior Parietal L,-262.0,-0.01898825916799536
1373,ses-023,ses-024,1012,8511.0,8776.0,265.0,0.6657025510499219,0.9281178217473818,1.4142135623730951,Lateral Orbitofrontal L,-265.0,-0.03019598906107566
1375,ses-023,ses-024,1014,4581.0,4880.0,299.0,0.6272064263819892,0.9310018880728543,1.4142135623730951,Medial Orbitofrontal L,-299.0,-0.06127049180327869
1389,ses-023,ses-024,1028,27242.0,27854.0,612.0,0.7694569478728038,0.9703121685999936,1.0,Superior Frontal L,-612.0,-0.021971709628778632
1391,ses-023,ses-024,1030,17005.0,16521.0,484.0,0.7773071645886774,0.9673126909100704,1.0,Superior Temporal L,484.0,0.029296047454754556
1394,ses-023,ses-024,1035,6274.0,6451.0,177.0,0.8322200392927308,0.9922799585002877,1.0,Insula L,-177.0,-0.0274376065726244
1395,ses-023,ses-024,2002,2091.0,2426.0,335.0,0.7531547487270313,0.9362034407013105,2.23606797749979,Caudal Anterior Cingulate R,-335.0,-0.1380873866446826
1398,ses-023,ses-024,2006,1411.0,1411.0,0.0,0.6420978029766123,0.905802660433905,1.4142135623730951,Entorhinal Cortex R,0.0,0.0
1399,ses-023,ses-024,2007,8269.0,7847.0,422.0,0.7496897493174485,0.9737586631969304,1.0,Fusiform Gyrus R,422.0,0.05377851408181471
1400,ses-023,ses-024,2008,16089.0,16739.0,650.0,0.8378213719995126,0.9933024633041253,1.0,Inferior Parietal R,-650.0,-0.038831471414062964
1404,ses-023,ses-024,2012,8088.0,8724.0,636.0,0.6168213181061147,0.900841865918192,2.0,Lateral Orbitofrontal R,-636.0,-0.07290233837689133
1406,ses-023,ses-024,2014,4240.0,4498.0,258.0,0.6019684138246738,0.9028476653806607,2.23606797749979,Medial Orbitofrontal R,-258.0,-0.057358826144953315
1420,ses-023,ses-024,2028,30373.0,32870.0,2497.0,0.7203326850402416,0.9449102651955836,1.4142135623730951,Superior Frontal R,-2497.0,-0.07596592637663523
1422,ses-023,ses-024,2030,16925.0,17198.0,273.0,0.752630190780412,0.9682232716369072,1.0,Superior Temporal R,-273.0,-0.015873938830096523
1425,ses-023,ses-024,2035,6338.0,6658.0,320.0,0.8202523853493383,0.985255793194853,1.0,Insula R,-320.0,-0.04806248122559327
1426,ses-024,ses-025,1002,3737.0,3509.0,228.0,0.7943693072039746,0.9828645960204169,1.0,Caudal Anterior Cingulate L,228.0,0.06497577657452265
1429,ses-024,ses-025,1006,1518.0,1293.0,225.0,0.6467449306296692,0.8592713585927967,2.0,Entorhinal Cortex L,225.0,0.1740139211136891
1430,ses-024,ses-025,1007,8370.0,8417.0,47.0,0.6972061714421874,0.9606295063193598,1.4142135623730951,Fusiform Gyrus L,-47.0,-0.005583937269811097
1431,ses-024,ses-025,1008,13798.0,12296.0,1502.0,0.8022533915842722,0.9923041450225485,1.0,Inferior Parietal L,1502.0,0.12215354586857514
1435,ses-024,ses-025,1012,8776.0,7927.0,849.0,0.58600251451835,0.8852923768919252,2.0,Lateral Orbitofrontal L,849.0,0.10710230856566166
1437,ses-024,ses-025,1014,4880.0,4323.0,557.0,0.5741605998044116,0.924548783375939,1.4142135623730951,Medial Orbitofrontal L,557.0,0.12884570899838074
1451,ses-024,ses-025,1028,27854.0,24908.0,2946.0,0.7379174405822372,0.9671812323437731,1.0,Superior Frontal L,2946.0,0.1182752529307853
1453,ses-024,ses-025,1030,16521.0,16104.0,417.0,0.6723678160919541,0.925392747010365,1.4142135623730951,Superior Temporal L,417.0,0.02589418777943368
1456,ses-024,ses-025,1035,6451.0,6011.0,440.0,0.775798427218745,0.9718455720565813,1.0,Insula L,440.0,0.0731991349193146
1457,ses-024,ses-025,2002,2426.0,2215.0,211.0,0.8123249299719888,0.9897992656203702,1.0,Caudal Anterior Cingulate R,211.0,0.09525959367945824
1460,ses-024,ses-025,2006,1411.0,1281.0,130.0,0.6552748885586924,0.9076709637925501,1.7320508075688772,Entorhinal Cortex R,130.0,0.1014832162373146
1461,ses-024,ses-025,2007,7847.0,7432.0,415.0,0.7632698475031089,0.9793412413758177,1.0,Fusiform Gyrus R,415.0,0.05583961248654467
1462,ses-024,ses-025,2008,16739.0,14037.0,2702.0,0.7778788666493371,0.9889528019661334,1.0,Inferior Parietal R,2702.0,0.19249127306404504
1466,ses-024,ses-025,2012,8724.0,8016.0,708.0,0.631063321385902,0.9158602375981248,2.0,Lateral Orbitofrontal R,708.0,0.08832335329341318
1468,ses-024,ses-025,2014,4498.0,3697.0,801.0,0.5503355704697986,0.9076601929425524,2.0,Medial Orbitofrontal R,801.0,0.2166621585068975
1482,ses-024,ses-025,2028,32870.0,29260.0,3610.0,0.7216159665218091,0.9597357048928883,1.4142135623730951,Superior Frontal R,3610.0,0.12337662337662338
1484,ses-024,ses-025,2030,17198.0,16453.0,745.0,0.7879706398026805,0.9704881414183152,1.0,Superior Temporal R,745.0,0.04528049595818392
1487,ses-024,ses-025,2035,6658.0,6034.0,624.0,0.8310746927198235,0.9855660589758124,1.0,Insula R,624.0,0.10341398740470666
1488,ses-025,ses-026,1002,3509.0,3382.0,127.0,0.8199100275721957,0.9798396770723778,1.0,Caudal Anterior Cingulate L,127.0,0.037551744529863984
1491,ses-025,ses-026,1006,1293.0,1421.0,128.0,0.7899778924097274,0.9768588695903697,1.0,Entorhinal Cortex L,-128.0,-0.09007741027445461
1492,ses-025,ses-026,1007,8417.0,8919.0,502.0,0.8237194277803415,0.994844019261572,1.0,Fusiform Gyrus L,-502.0,-0.05628433680905931
1493,ses-025,ses-026,1008,12296.0,13122.0,826.0,0.8275238020300575,0.9951322473300391,1.0,Inferior Parietal L,-826.0,-0.06294772138393538
1497,ses-025,ses-026,1012,7927.0,7803.0,124.0,0.7923712650985378,0.9801453949770574,1.0,Lateral Orbitofrontal L,124.0,0.01589132384980136
1499,ses-025,ses-026,1014,4323.0,4247.0,76.0,0.7547257876312718,0.973173083432949,1.0,Medial Orbitofrontal L,76.0,0.01789498469507888
1513,ses-025,ses-026,1028,24908.0,25669.0,761.0,0.8347667912292148,0.9956087478628969,1.0,Superior Frontal L,-761.0,-0.029646655498850753
1515,ses-025,ses-026,1030,16104.0,17026.0,922.0,0.851011168125566,0.9921710457330682,1.0,Superior Temporal L,-922.0,-0.05415247268882885
1518,ses-025,ses-026,1035,6011.0,5954.0,57.0,0.8436272461345591,0.9910042393073739,1.0,Insula L,57.0,0.009573396036278133
1519,ses-025,ses-026,2002,2215.0,2240.0,25.0,0.82334455667789,0.9953927632836411,1.0,Caudal Anterior Cingulate R,-25.0,-0.011160714285714286
1522,ses-025,ses-026,2006,1281.0,1326.0,45.0,0.8070579209819716,0.975330060048967,1.0,Entorhinal Cortex R,-45.0,-0.033936651583710405
1523,ses-025,ses-026,2007,7432.0,7969.0,537.0,0.8312447243685475,0.99193830862941,1.0,Fusiform Gyrus R,-537.0,-0.06738612121972644
1524,ses-025,ses-026,2008,14037.0,15569.0,1532.0,0.8143619536580423,0.9941200377187688,1.0,Inferior Parietal R,-1532.0,-0.09840066799409082
1528,ses-025,ses-026,2012,8016.0,8040.0,24.0,0.773168908819133,0.9735584562507332,1.0,Lateral Orbitofrontal R,-24.0,-0.0029850746268656717
1530,ses-025,ses-026,2014,3697.0,3778.0,81.0,0.7205351170568561,0.9633419891487959,1.0,Medial Orbitofrontal R,-81.0,-0.021439915299100054
1544,ses-025,ses-026,2028,29260.0,29224.0,36.0,0.8368100677108269,0.994446448128885,1.0,Superior Frontal R,36.0,0.0012318642211880647
1546,ses-025,ses-026,2030,16453.0,16944.0,491.0,0.8402551127346768,0.9918443843812631,1.0,Superior Temporal R,-491.0,-0.02897780925401322
1549,ses-025,ses-026,2035,6034.0,6080.0,46.0,0.8535578669308238,0.9960612271293077,1.0,Insula R,-46.0,-0.007565789473684211
1550,ses-026,ses-027,1002,3382.0,3397.0,15.0,0.7859566307715002,0.9859725164978681,1.0,Caudal Anterior Cingulate L,-15.0,-0.004415660877244628
1553,ses-026,ses-027,1006,1421.0,1471.0,50.0,0.7378976486860305,0.9574160488408959,1.0,Entorhinal Cortex L,-50.0,-0.03399048266485384
1554,ses-026,ses-027,1007,8919.0,8895.0,24.0,0.779836083978893,0.9854366951704394,1.0,Fusiform Gyrus L,24.0,0.0026981450252951096
1555,ses-026,ses-027,1008,13122.0,13452.0,330.0,0.7964928125235192,0.9910535836656862,1.0,Inferior Parietal L,-330.0,-0.024531668153434435
1559,ses-026,ses-027,1012,7803.0,7967.0,164.0,0.7557387444514901,0.9676630886108684,1.0,Lateral Orbitofrontal L,-164.0,-0.02058491276515627
1561,ses-026,ses-027,1014,4247.0,4569.0,322.0,0.7223230490018149,0.9658452521697184,1.0,Medial Orbitofrontal L,-322.0,-0.07047493981177501
1575,ses-026,ses-027,1028,25669.0,26386.0,717.0,0.8044568245125349,0.9927781015661047,1.0,Superior Frontal L,-717.0,-0.027173501099067687
1577,ses-026,ses-027,1030,17026.0,17022.0,4.0,0.7965812969924813,0.9840910848475882,1.0,Superior Temporal L,4.0,0.0002349900129244507
1580,ses-026,ses-027,1035,5954.0,6203.0,249.0,0.8089166735214279,0.9837845528144985,1.0,Insula L,-249.0,-0.04014186683862647
1581,ses-026,ses-027,2002,2240.0,2105.0,135.0,0.797698504027618,0.9910301636819349,1.0,Caudal Anterior Cingulate R,135.0,0.06413301662707839
1584,ses-026,ses-027,2006,1326.0,1483.0,157.0,0.7767888928444286,0.9389642589274946,1.4142135623730951,Entorhinal Cortex R,-157.0,-0.10586648685097774
1585,ses-026,ses-027,2007,7969.0,7777.0,192.0,0.8140480121935729,0.9864260403613647,1.0,Fusiform Gyrus R,192.0,0.024688183104024687
1586,ses-026,ses-027,2008,15569.0,15202.0,367.0,0.8106333885801567,0.9916303954487208,1.0,Inferior Parietal R,367.0,0.024141560321010395
1590,ses-026,ses-027,2012,8040.0,7999.0,41.0,0.776232932227695,0.9676999567604101,1.0,Lateral Orbitofrontal R,41.0,0.005125640705088136
1592,ses-026,ses-027,2014,3778.0,3913.0,135.0,0.7008191392536731,0.9585108897912841,1.0,Medial Orbitofrontal R,-135.0,-0.03450038333759264
1606,ses-026,ses-027,2028,29224.0,29776.0,552.0,0.803322033898305,0.987646974141605,1.0,Superior Frontal R,-552.0,-0.018538420204191296
1608,ses-026,ses-027,2030,16944.0,15852.0,1092.0,0.8069276741065984,0.9738108995349999,1.0,Superior Temporal R,1092.0,0.06888720666161999
1611,ses-026,ses-027,2035,6080.0,6190.0,110.0,0.8474327628361858,0.9915314369284063,1.0,Insula R,-110.0,-0.017770597738287562
1612,ses-027,ses-028,1002,3397.0,3506.0,109.0,0.760249167028828,0.9342779505946245,2.23606797749979,Caudal Anterior Cingulate L,-109.0,-0.031089560752994867
1615,ses-027,ses-028,1006,1471.0,1572.0,101.0,0.7334866907656917,0.9245257557578206,2.23606797749979,Entorhinal Cortex L,-101.0,-0.06424936386768448
1616,ses-027,ses-028,1007,8895.0,9176.0,281.0,0.7809197056056666,0.9659284454201179,1.0,Fusiform Gyrus L,-281.0,-0.030623365300784657
1617,ses-027,ses-028,1008,13452.0,14159.0,707.0,0.7391257107674477,0.9745458767785866,1.0,Inferior Parietal L,-707.0,-0.049932904866162864
1621,ses-027,ses-028,1012,7967.0,8721.0,754.0,0.7849952061361457,0.9663882690078053,1.4142135623730951,Lateral Orbitofrontal L,-754.0,-0.08645797500286664
1623,ses-027,ses-028,1014,4569.0,4789.0,220.0,0.7324214575764052,0.9661105936301132,1.0,Medial Orbitofrontal L,-220.0,-0.04593860931300898
1637,ses-027,ses-028,1028,26386.0,26915.0,529.0,0.7818615035365191,0.982284895316668,1.0,Superior Frontal L,-529.0,-0.0196544677689021
1639,ses-027,ses-028,1030,17022.0,17343.0,321.0,0.8176924196129783,0.9867265620349525,1.0,Superior Temporal L,-321.0,-0.01850890849334025
1642,ses-027,ses-028,1035,6203.0,6224.0,21.0,0.8391405809929992,0.9868325595316909,1.0,Insula L,-21.0,-0.0033740359897172236
1643,ses-027,ses-028,2002,2105.0,2270.0,165.0,0.8054857142857142,0.9854159926893481,1.0,Caudal Anterior Cingulate R,-165.0,-0.07268722466960352
1646,ses-027,ses-028,2006,1483.0,1490.0,7.0,0.8281197443659604,0.9867155320185906,1.0,Entorhinal Cortex R,-7.0,-0.004697986577181208
1647,ses-027,ses-028,2007,7777.0,8648.0,871.0,0.7873363774733638,0.9778639346238294,1.0,Fusiform Gyrus R,-871.0,-0.10071692876965772
1648,ses-027,ses-028,2008,15202.0,16192.0,990.0,0.723131808625852,0.9703822222372642,1.0,Inferior Parietal R,-990.0,-0.06114130434782609
1652,ses-027,ses-028,2012,7999.0,8384.0,385.0,0.7395470914972838,0.9595271889514857,1.0,Lateral Orbitofrontal R,-385.0,-0.045920801526717556
1654,ses-027,ses-028,2014,3913.0,3881.0,32.0,0.6948935078265333,0.9496439904442707,1.4142135623730951,Medial Orbitofrontal R,32.0,0.008245297603710384
1668,ses-027,ses-028,2028,29776.0,30863.0,1087.0,0.7595441877339666,0.973901504376069,1.0,Superior Frontal R,-1087.0,-0.03522016654246185
1670,ses-027,ses-028,2030,15852.0,17734.0,1882.0,0.796045971535759,0.97333926908459,1.0,Superior Temporal R,-1882.0,-0.10612382993120559
1673,ses-027,ses-028,2035,6190.0,6178.0,12.0,0.8437904269081501,0.9905520955140172,1.0,Insula R,12.0,0.0019423761735189381
1674,ses-028,ses-029,1002,3506.0,3529.0,23.0,0.1378820184790334,0.24496208329806704,8.54400374531753,Caudal Anterior Cingulate L,-23.0,-0.006517427033153868
1677,ses-028,ses-029,1006,1572.0,1346.0,226.0,0.09047292666209733,0.20625083365111443,9.433981132056603,Entorhinal Cortex L,226.0,0.16790490341753342
1678,ses-028,ses-029,1007,9176.0,8994.0,182.0,0.18635112823335168,0.38840982035106764,8.246211251235321,Fusiform Gyrus L,182.0,0.020235712697353792
1679,ses-028,ses-029,1008,14159.0,13863.0,296.0,0.2989080008564699,0.5824503605211264,6.0,Inferior Parietal L,296.0,0.021351799754742842
1683,ses-028,ses-029,1012,8721.0,7942.0,779.0,0.07201584348556682,0.21339942234200215,8.774964387392123,Lateral Orbitofrontal L,779.0,0.09808612440191387
1685,ses-028,ses-029,1014,4789.0,4553.0,236.0,0.010062085206593878,0.09111465574534945,9.273618495495704,Medial Orbitofrontal L,236.0,0.05183395563364814
1699,ses-028,ses-029,1028,26915.0,26534.0,381.0,0.2292652809220004,0.5073262246579362,7.14142842854285,Superior Frontal L,381.0,0.014358935705133037
1701,ses-028,ses-029,1030,17343.0,16293.0,1050.0,0.12450945415626115,0.29451432357650936,8.246211251235321,Superior Temporal L,1050.0,0.0644448536181182
1704,ses-028,ses-029,1035,6224.0,6139.0,85.0,0.17164118741405807,0.3307099290458785,8.06225774829855,Insula L,85.0,0.013845903241570288
1705,ses-028,ses-029,2002,2270.0,2081.0,189.0,0.06986899563318777,0.26100366150625454,8.48528137423857,Caudal Anterior Cingulate R,189.0,0.09082172032676598
1708,ses-028,ses-029,2006,1490.0,2719.0,1229.0,0.0,0.022535158117521843,15.588457268119896,Entorhinal Cortex R,-1229.0,-0.4520044133872747
1709,ses-028,ses-029,2007,8648.0,8110.0,538.0,0.11278195488721804,0.27525208291768344,8.660254037844387,Fusiform Gyrus R,538.0,0.06633785450061652
1710,ses-028,ses-029,2008,16192.0,9867.0,6325.0,0.3093748800798189,0.5678472725352641,8.306623862918075,Inferior Parietal R,6325.0,0.6410256410256411
1714,ses-028,ses-029,2012,8384.0,8623.0,239.0,0.22849414946786617,0.4381167162682234,9.1104335791443,Lateral Orbitofrontal R,-239.0,-0.027716571958715065
1716,ses-028,ses-029,2014,3881.0,4153.0,272.0,0.045307443365695796,0.16857101278842465,9.643650760992955,Medial Orbitofrontal R,-272.0,-0.06549482301950398
1730,ses-028,ses-029,2028,30863.0,22129.0,8734.0,0.23497886473429952,0.5242339242515229,7.3484692283495345,Superior Frontal R,8734.0,0.3946857065389308
1732,ses-028,ses-029,2030,17734.0,12955.0,4779.0,0.2291374759685881,0.4134571038678535,10.488088481701515,Superior Temporal R,4779.0,0.36889231956773444
1735,ses-028,ses-029,2035,6178.0,11907.0,5729.0,0.045009676527508986,0.1031852174570527,21.863211109075447,Insula R,-5729.0,-0.4811455446376081
1736,ses-029,ses-030,1002,3529.0,3599.0,70.0,0.16582491582491582,0.2729697901713728,8.48528137423857,Caudal Anterior Cingulate L,-70.0,-0.019449847179772158
1739,ses-029,ses-030,1006,1346.0,1469.0,123.0,0.1570159857904085,0.2661912412993469,8.48528137423857,Entorhinal Cortex L,-123.0,-0.08373042886317222
1740,ses-029,ses-030,1007,8994.0,8929.0,65.0,0.17809518495787535,0.38510380632820257,8.06225774829855,Fusiform Gyrus L,65.0,0.007279650576772315
1741,ses-029,ses-030,1008,13863.0,12643.0,1220.0,0.3020448200407455,0.585037097087307,6.4031242374328485,Inferior Parietal L,1220.0,0.09649608479000238
1745,ses-029,ses-030,1012,7942.0,7848.0,94.0,0.08385053831538948,0.2334281372800348,8.54400374531753,Lateral Orbitofrontal L,94.0,0.011977573904179408
1747,ses-029,ses-030,1014,4553.0,4327.0,226.0,0.00990990990990991,0.1009156316963593,8.717797887081348,Medial Orbitofrontal L,226.0,0.052230182574532005
1761,ses-029,ses-030,1028,26534.0,25875.0,659.0,0.22686943082295025,0.5037772130452773,7.0710678118654755,Superior Frontal L,659.0,0.025468599033816427
1763,ses-029,ses-030,1030,16293.0,16235.0,58.0,0.13440727988194787,0.30641024757562674,7.810249675906654,Superior Temporal L,58.0,0.0035725284878349245
1766,ses-029,ses-030,1035,6139.0,6028.0,111.0,0.18163885920933673,0.33424534963839886,7.874007874011811,Insula L,111.0,0.018414067684140677
1767,ses-029,ses-030,2002,2081.0,2261.0,180.0,0.07922616305849839,0.2732657061160418,8.602325267042627,Caudal Anterior Cingulate R,-180.0,-0.07961079168509509
1770,ses-029,ses-030,2006,2719.0,1402.0,1317.0,0.0,0.024932478760758173,15.556349186104045,Entorhinal Cortex R,1317.0,0.9393723252496433
1771,ses-029,ses-030,2007,8110.0,7677.0,433.0,0.10426300120352189,0.27093103105966515,8.774964387392123,Fusiform Gyrus R,433.0,0.05640224045851244
1772,ses-029,ses-030,2008,9867.0,15243.0,5376.0,0.2896057347670251,0.5527496168968794,8.48528137423857,Inferior Parietal R,-5376.0,-0.35268647903955913
1776,ses-029,ses-030,2012,8623.0,8126.0,497.0,0.2484924473102872,0.4499385311848912,8.94427190999916,Lateral Orbitofrontal R,497.0,0.061161703174993844
1778,ses-029,ses-030,2014,4153.0,4048.0,105.0,0.03341055968784295,0.14364301523568462,9.273618495495704,Medial Orbitofrontal R,105.0,0.025938735177865612
1792,ses-029,ses-030,2028,22129.0,30535.0,8406.0,0.23215099498708797,0.5238026424022105,7.280109889280518,Superior Frontal R,-8406.0,-0.2752906500736859
1794,ses-029,ses-030,2030,12955.0,16816.0,3861.0,0.21591481643209834,0.40057694702839,10.770329614269007,Superior Temporal R,-3861.0,-0.22960275927687918
1797,ses-029,ses-030,2035,11907.0,6075.0,5832.0,0.0451562673784896,0.11005583611408332,21.470910553583888,Insula R,5832.0,0.96
1798,ses-030,ses-031,1002,3599.0,3388.0,211.0,0.8032059539144125,0.9841321007151138,1.0,Caudal Anterior Cingulate L,211.0,0.06227863046044864
1801,ses-030,ses-031,1006,1469.0,1566.0,97.0,0.7485996705107084,0.9397242263332624,1.7320508075688772,Entorhinal Cortex L,-97.0,-0.06194125159642401
1802,ses-030,ses-031,1007,8929.0,8723.0,206.0,0.8039882166326762,0.9744875181012168,1.0,Fusiform Gyrus L,206.0,0.023615728533761322
1803,ses-030,ses-031,1008,12643.0,13156.0,513.0,0.8015814566456064,0.9898864174895429,1.0,Inferior Parietal L,-513.0,-0.0389936150805716
1807,ses-030,ses-031,1012,7848.0,8196.0,348.0,0.8364497631513338,0.9911724420969545,1.0,Lateral Orbitofrontal L,-348.0,-0.0424597364568082
1809,ses-030,ses-031,1014,4327.0,4728.0,401.0,0.8017669795692988,0.9880192263093746,1.0,Medial Orbitofrontal L,-401.0,-0.08481387478849407
1823,ses-030,ses-031,1028,25875.0,26914.0,1039.0,0.8454412851162174,0.994756749514773,1.0,Superior Frontal L,-1039.0,-0.03860444378390429
1825,ses-030,ses-031,1030,16235.0,17119.0,884.0,0.8366612700125922,0.9910638549813806,1.0,Superior Temporal L,-884.0,-0.05163853028798411
1828,ses-030,ses-031,1035,6028.0,6177.0,149.0,0.8622695616550594,0.9961766650756672,1.0,Insula L,-149.0,-0.024121741945928445
1829,ses-030,ses-031,2002,2261.0,2166.0,95.0,0.8131917777275808,0.9891491588249146,1.0,Caudal Anterior Cingulate R,95.0,0.043859649122807015
1832,ses-030,ses-031,2006,1402.0,1424.0,22.0,0.7975937721160651,0.9766865528609886,1.0,Entorhinal Cortex R,-22.0,-0.01544943820224719
1833,ses-030,ses-031,2007,7677.0,8071.0,394.0,0.8112776225552452,0.988906812143073,1.0,Fusiform Gyrus R,-394.0,-0.04881675133192913
1834,ses-030,ses-031,2008,15243.0,15685.0,442.0,0.7935204345576824,0.9924672187101878,1.0,Inferior Parietal R,-442.0,-0.028179789607905643
1838,ses-030,ses-031,2012,8126.0,7983.0,143.0,0.8168104786144391,0.982332925122267,1.0,Lateral Orbitofrontal R,143.0,0.017913065263685333
1840,ses-030,ses-031,2014,4048.0,4117.0,69.0,0.7750153092467851,0.9753699494104106,1.0,Medial Orbitofrontal R,-69.0,-0.01675977653631285
1854,ses-030,ses-031,2028,30535.0,30853.0,318.0,0.8228644034664755,0.9922286548085623,1.0,Superior Frontal R,-318.0,-0.010306939357598938
1856,ses-030,ses-031,2030,16816.0,16977.0,161.0,0.8424229870091439,0.9923754829716694,1.0,Superior Temporal R,-161.0,-0.009483418743005243
1859,ses-030,ses-031,2035,6075.0,6346.0,271.0,0.8651477336768376,0.9951078243964324,1.0,Insula R,-271.0,-0.04270406555310432
1860,ses-031,ses-032,1002,3388.0,3672.0,284.0,0.8385269121813032,0.9898277858393059,1.0,Caudal Anterior Cingulate L,-284.0,-0.07734204793028322
1863,ses-031,ses-032,1006,1566.0,1341.0,225.0,0.7492260061919505,0.9236415730778064,2.23606797749979,Entorhinal Cortex L,225.0,0.16778523489932887
1864,ses-031,ses-032,1007,8723.0,9303.0,580.0,0.8096083435038278,0.9797232741127423,1.0,Fusiform Gyrus L,-580.0,-0.06234547995270343
1865,ses-031,ses-032,1008,13156.0,14007.0,851.0,0.7393881382763318,0.9791934279503528,1.0,Inferior Parietal L,-851.0,-0.060755336617405585
1869,ses-031,ses-032,1012,8196.0,8522.0,326.0,0.8139729632731187,0.9866208205049919,1.0,Lateral Orbitofrontal L,-326.0,-0.03825393100211218
1871,ses-031,ses-032,1014,4728.0,4700.0,28.0,0.764319049639372,0.9821585523696004,1.0,Medial Orbitofrontal L,28.0,0.005957446808510639
1885,ses-031,ses-032,1028,26914.0,26495.0,419.0,0.8091520155778988,0.9914370518065561,1.0,Superior Frontal L,419.0,0.015814304585770902
1887,ses-031,ses-032,1030,17119.0,17679.0,560.0,0.8224035864130123,0.9880927709490418,1.0,Superior Temporal L,-560.0,-0.03167599977374286
1890,ses-031,ses-032,1035,6177.0,6125.0,52.0,0.8440903918062104,0.9939173553636789,1.0,Insula L,52.0,0.008489795918367347
1891,ses-031,ses-032,2002,2166.0,2282.0,116.0,0.8192446043165468,0.9693302608976351,1.4142135623730951,Caudal Anterior Cingulate R,-116.0,-0.05083260297984225
1894,ses-031,ses-032,2006,1424.0,1344.0,80.0,0.7774566473988439,0.9790855700868863,1.0,Entorhinal Cortex R,80.0,0.05952380952380952
1895,ses-031,ses-032,2007,8071.0,8191.0,120.0,0.8142909851186816,0.9875831285609121,1.0,Fusiform Gyrus R,-120.0,-0.014650225857648639
1896,ses-031,ses-032,2008,15685.0,17191.0,1506.0,0.7219856430222655,0.9774286841616647,1.0,Inferior Parietal R,-1506.0,-0.08760397882612996
1900,ses-031,ses-032,2012,7983.0,8803.0,820.0,0.7749314905278208,0.9639326915151345,1.4142135623730951,Lateral Orbitofrontal R,-820.0,-0.09315006247870045
1902,ses-031,ses-032,2014,4117.0,3899.0,218.0,0.7774451097804391,0.9750229827942724,1.0,Medial Orbitofrontal R,218.0,0.05591177224929469
1916,ses-031,ses-032,2028,30853.0,30928.0,75.0,0.7946456030171088,0.9845686656552547,1.0,Superior Frontal R,-75.0,-0.002424987066735644
1918,ses-031,ses-032,2030,16977.0,17517.0,540.0,0.8218820664463385,0.9891397961592593,1.0,Superior Temporal R,-540.0,-0.03082719643774619
1921,ses-031,ses-032,2035,6346.0,6170.0,176.0,0.8333333333333334,0.9881466738196997,1.0,Insula R,176.0,0.02852512155591572
1922,ses-032,ses-033,1002,3672.0,3793.0,121.0,0.7847287340924314,0.9782155926770129,1.0,Caudal Anterior Cingulate L,-121.0,-0.03190087002372792
1925,ses-032,ses-033,1006,1341.0,1629.0,288.0,0.5562289562289562,0.7711021403102123,2.23606797749979,Entorhinal Cortex L,-288.0,-0.17679558011049723
1926,ses-032,ses-033,1007,9303.0,8684.0,619.0,0.5576249513537554,0.8614167739996617,2.0,Fusiform Gyrus L,619.0,0.07128051589129433
1927,ses-032,ses-033,1008,14007.0,13811.0,196.0,0.6210367388022144,0.929564216426879,1.4142135623730951,Inferior Parietal L,196.0,0.01419158641662443
1931,ses-032,ses-033,1012,8522.0,8878.0,356.0,0.6351724137931034,0.9124339676727502,1.4142135623730951,Lateral Orbitofrontal L,-356.0,-0.04009912142374409
1933,ses-032,ses-033,1014,4700.0,4876.0,176.0,0.641186299081036,0.9405231695302323,1.4142135623730951,Medial Orbitofrontal L,-176.0,-0.03609515996718622
1947,ses-032,ses-033,1028,26495.0,28682.0,2187.0,0.753538612102869,0.9831689789336976,1.0,Superior Frontal L,-2187.0,-0.07624991283731958
1949,ses-032,ses-033,1030,17679.0,17749.0,70.0,0.6088969176922209,0.878901104761341,1.4142135623730951,Superior Temporal L,-70.0,-0.003943884162488027
1952,ses-032,ses-033,1035,6125.0,6363.0,238.0,0.728539397821909,0.9574312080709604,1.0,Insula L,-238.0,-0.0374037403740374
1953,ses-032,ses-033,2002,2282.0,2358.0,76.0,0.7676724137931035,0.9876866664563801,1.0,Caudal Anterior Cingulate R,-76.0,-0.032230703986429174
1956,ses-032,ses-033,2006,1344.0,1413.0,69.0,0.5578527384838593,0.789135315871101,2.0,Entorhinal Cortex R,-69.0,-0.04883227176220807
1957,ses-032,ses-033,2007,8191.0,8028.0,163.0,0.6383870768851347,0.9238925673281614,1.4142135623730951,Fusiform Gyrus R,163.0,0.020303936223218733
1958,ses-032,ses-033,2008,17191.0,17206.0,15.0,0.6722679303427624,0.9558216867421961,1.0,Inferior Parietal R,-15.0,-0.0008717889108450541
1962,ses-032,ses-033,2012,8803.0,8707.0,96.0,0.6577955454026271,0.9254053123948346,1.4142135623730951,Lateral Orbitofrontal R,96.0,0.011025611576892155
1964,ses-032,ses-033,2014,3899.0,4030.0,131.0,0.6172278975911212,0.9370689449126096,1.4142135623730951,Medial Orbitofrontal R,-131.0,-0.03250620347394541
1978,ses-032,ses-033,2028,30928.0,33194.0,2266.0,0.7589594834846075,0.9850965317850868,1.0,Superior Frontal R,-2266.0,-0.06826534915948665
1980,ses-032,ses-033,2030,17517.0,17780.0,263.0,0.7097487038558518,0.9520283882758893,1.4142135623730951,Superior Temporal R,-263.0,-0.014791901012373453
1983,ses-032,ses-033,2035,6170.0,6416.0,246.0,0.7840457651358652,0.976883472881243,1.0,Insula R,-246.0,-0.03834164588528678
1984,ses-033,ses-034,1002,3793.0,3385.0,408.0,0.8286430760657565,0.9800567689802787,1.0,Caudal Anterior Cingulate L,408.0,0.12053175775480059
1987,ses-033,ses-034,1006,1629.0,1430.0,199.0,0.7479568486433475,0.9358168395734292,2.0,Entorhinal Cortex L,199.0,0.13916083916083916
1988,ses-033,ses-034,1007,8684.0,9046.0,362.0,0.7906373378454596,0.9809909618075687,1.0,Fusiform Gyrus L,-362.0,-0.04001768737563564
1989,ses-033,ses-034,1008,13811.0,13653.0,158.0,0.7608505680163122,0.9834967303897295,1.0,Inferior Parietal L,158.0,0.011572548157914012
1993,ses-033,ses-034,1012,8878.0,8562.0,316.0,0.8121559633027523,0.9876023259210761,1.0,Lateral Orbitofrontal L,316.0,0.036907264657790234
1995,ses-033,ses-034,1014,4876.0,4744.0,132.0,0.8012474012474012,0.988419857795864,1.0,Medial Orbitofrontal L,132.0,0.02782462057335582
2009,ses-033,ses-034,1028,28682.0,25715.0,2967.0,0.805081162564112,0.9902382057105643,1.0,Superior Frontal L,2967.0,0.11538012832976861
2011,ses-033,ses-034,1030,17749.0,17384.0,365.0,0.7880909686050153,0.982924766061436,1.0,Superior Temporal L,365.0,0.020996318453750575
2014,ses-033,ses-034,1035,6363.0,6281.0,82.0,0.8418222081619741,0.9934035076588801,1.0,Insula L,82.0,0.0130552459799395
2015,ses-033,ses-034,2002,2358.0,2021.0,337.0,0.8102306462662708,0.9811226330175213,1.0,Caudal Anterior Cingulate R,337.0,0.16674913409203365
2018,ses-033,ses-034,2006,1413.0,1427.0,14.0,0.7711267605633803,0.9642818745379095,1.0,Entorhinal Cortex R,-14.0,-0.009810791871058164
2019,ses-033,ses-034,2007,8028.0,8333.0,305.0,0.8162092781614816,0.9875468472648525,1.0,Fusiform Gyrus R,-305.0,-0.03660146405856234
2020,ses-033,ses-034,2008,17206.0,16867.0,339.0,0.8359698294837554,0.9942733737761102,1.0,Inferior Parietal R,339.0,0.020098417027331474
2024,ses-033,ses-034,2012,8707.0,8277.0,430.0,0.8111163447951013,0.9909994864246994,1.0,Lateral Orbitofrontal R,430.0,0.05195119004470219
2026,ses-033,ses-034,2014,4030.0,4067.0,37.0,0.7931332592318142,0.9839594688083626,1.0,Medial Orbitofrontal R,-37.0,-0.009097614949594296
2040,ses-033,ses-034,2028,33194.0,29812.0,3382.0,0.7972574040567565,0.9847704071971771,1.0,Superior Frontal R,3382.0,0.11344425063732726
2042,ses-033,ses-034,2030,17780.0,17494.0,286.0,0.8638657368033112,0.9930009064277485,1.0,Superior Temporal R,286.0,0.016348462329941693
2045,ses-033,ses-034,2035,6416.0,6398.0,18.0,0.8670204463867645,0.9958027562171915,1.0,Insula R,18.0,0.002813379180994061
2046,ses-034,ses-035,1002,3385.0,3666.0,281.0,0.7950645298539214,0.9802534667605174,1.0,Caudal Anterior Cingulate L,-281.0,-0.07665030005455538
2049,ses-034,ses-035,1006,1430.0,1384.0,46.0,0.6396588486140725,0.8552411976574621,2.0,Entorhinal Cortex L,46.0,0.033236994219653176
2050,ses-034,ses-035,1007,9046.0,9156.0,110.0,0.6616855290627404,0.9381708765784423,1.4142135623730951,Fusiform Gyrus L,-110.0,-0.012013979903888162
2051,ses-034,ses-035,1008,13653.0,13286.0,367.0,0.8165856193622629,0.9943926490914101,1.0,Inferior Parietal L,367.0,0.027623061869637214
2055,ses-034,ses-035,1012,8562.0,8143.0,419.0,0.6489075127207423,0.9276813714527582,1.4142135623730951,Lateral Orbitofrontal L,419.0,0.05145523762741005
2057,ses-034,ses-035,1014,4744.0,4777.0,33.0,0.610440079823548,0.9206567355729935,1.7320508075688772,Medial Orbitofrontal L,-33.0,-0.006908101318819342
2071,ses-034,ses-035,1028,25715.0,25168.0,547.0,0.7692549574514082,0.9860521250765725,1.0,Superior Frontal L,547.0,0.021733947870311507
2073,ses-034,ses-035,1030,17384.0,16790.0,594.0,0.7770234681336688,0.9678977887111787,1.0,Superior Temporal L,594.0,0.03537820131030375
2076,ses-034,ses-035,1035,6281.0,6096.0,185.0,0.8008402682394764,0.9832002198068259,1.0,Insula L,185.0,0.03034776902887139
2077,ses-034,ses-035,2002,2021.0,2155.0,134.0,0.7782567049808429,0.990324912540176,1.0,Caudal Anterior Cingulate R,-134.0,-0.062180974477958235
2080,ses-034,ses-035,2006,1427.0,1433.0,6.0,0.5370629370629371,0.770962681023139,2.0,Entorhinal Cortex R,-6.0,-0.00418702023726448
2081,ses-034,ses-035,2007,8333.0,7918.0,415.0,0.6280228908990216,0.8957009860005904,1.7320508075688772,Fusiform Gyrus R,415.0,0.05241222530942157
2082,ses-034,ses-035,2008,16867.0,15518.0,1349.0,0.7915392928825074,0.9864195752074106,1.0,Inferior Parietal R,1349.0,0.08693130558061606
2086,ses-034,ses-035,2012,8277.0,8582.0,305.0,0.6533009075271369,0.9240054825359999,1.4142135623730951,Lateral Orbitofrontal R,-305.0,-0.035539501281752504
2088,ses-034,ses-035,2014,4067.0,4125.0,58.0,0.603271484375,0.9186326489428246,1.4142135623730951,Medial Orbitofrontal R,-58.0,-0.01406060606060606
2102,ses-034,ses-035,2028,29812.0,29988.0,176.0,0.7464548494983277,0.9753107820989965,1.0,Superior Frontal R,-176.0,-0.0058690142723756165
2104,ses-034,ses-035,2030,17494.0,17473.0,21.0,0.7241113049446621,0.9499113593741907,1.4142135623730951,Superior Temporal R,21.0,0.0012018542894751904
2107,ses-034,ses-035,2035,6398.0,6177.0,221.0,0.8073161033797217,0.9754322843642046,1.0,Insula R,221.0,0.035777885705034804
2108,ses-035,ses-036,1002,3666.0,3474.0,192.0,0.8050420168067227,0.9807730422436141,1.0,Caudal Anterior Cingulate L,192.0,0.055267702936096716
2111,ses-035,ses-036,1006,1384.0,1401.0,17.0,0.7877917414721723,0.9810510703691576,1.0,Entorhinal Cortex L,-17.0,-0.012134189864382585
2112,ses-035,ses-036,1007,9156.0,8840.0,316.0,0.8279617692820627,0.9789928558519133,1.0,Fusiform Gyrus L,316.0,0.03574660633484163
2113,ses-035,ses-036,1008,13286.0,13412.0,126.0,0.841710989587235,0.9959912292937902,1.0,Inferior Parietal L,-126.0,-0.009394572025052192
2117,ses-035,ses-036,1012,8143.0,8216.0,73.0,0.7696069441897426,0.9868664923666716,1.0,Lateral Orbitofrontal L,-73.0,-0.00888510223953262
2119,ses-035,ses-036,1014,4777.0,4484.0,293.0,0.730374689558363,0.9758710226147976,1.0,Medial Orbitofrontal L,293.0,0.06534344335414809
2133,ses-035,ses-036,1028,25168.0,27281.0,2113.0,0.795019924116761,0.9927099920369632,1.0,Superior Frontal L,-2113.0,-0.07745317253766358
2135,ses-035,ses-036,1030,16790.0,17178.0,388.0,0.8109985869053227,0.9812884055556951,1.0,Superior Temporal L,-388.0,-0.022587029921993247
2138,ses-035,ses-036,1035,6096.0,6232.0,136.0,0.8319273199221285,0.9934884891297461,1.0,Insula L,-136.0,-0.021822849807445442
2139,ses-035,ses-036,2002,2155.0,2240.0,85.0,0.8113765642775882,0.9937838208631005,1.0,Caudal Anterior Cingulate R,-85.0,-0.03794642857142857
2142,ses-035,ses-036,2006,1433.0,1334.0,99.0,0.7791832309360318,0.9787995632453144,1.0,Entorhinal Cortex R,99.0,0.07421289355322339
2143,ses-035,ses-036,2007,7918.0,7996.0,78.0,0.8488123664697751,0.9964286279753175,1.0,Fusiform Gyrus R,-78.0,-0.00975487743871936
2144,ses-035,ses-036,2008,15518.0,16265.0,747.0,0.8301922411351981,0.9941212832607719,1.0,Inferior Parietal R,-747.0,-0.045926836766062094
2148,ses-035,ses-036,2012,8582.0,8114.0,468.0,0.7749161475802587,0.9760202806619399,1.0,Lateral Orbitofrontal R,468.0,0.05767808725659354
2150,ses-035,ses-036,2014,4125.0,3828.0,297.0,0.7157047654972967,0.9607206914238814,1.4142135623730951,Medial Orbitofrontal R,297.0,0.07758620689655173
2164,ses-035,ses-036,2028,29988.0,31013.0,1025.0,0.8028065113686661,0.9926048055368925,1.0,Superior Frontal R,-1025.0,-0.033050656176442136
2166,ses-035,ses-036,2030,17473.0,16948.0,525.0,0.8389064815083815,0.9894618378024209,1.0,Superior Temporal R,525.0,0.03097710644323814
2169,ses-035,ses-036,2035,6177.0,6179.0,2.0,0.8494658465522823,0.9965717568857413,1.0,Insula R,-2.0,-0.0003236769703835572
2170,ses-036,ses-037,1002,3474.0,3552.0,78.0,0.8277825220609166,0.9881568537048516,1.0,Caudal Anterior Cingulate L,-78.0,-0.02195945945945946
2173,ses-036,ses-037,1006,1401.0,1506.0,105.0,0.7616099071207431,0.9548119474974074,1.4142135623730951,Entorhinal Cortex L,-105.0,-0.0697211155378486
2174,ses-036,ses-037,1007,8840.0,8649.0,191.0,0.812167648236034,0.980416185640233,1.0,Fusiform Gyrus L,191.0,0.02208347785871199
2175,ses-036,ses-037,1008,13412.0,12950.0,462.0,0.8235338745163493,0.9927945450044955,1.0,Inferior Parietal L,462.0,0.03567567567567568
2179,ses-036,ses-037,1012,8216.0,8022.0,194.0,0.7972656731124522,0.9739861677868611,1.0,Lateral Orbitofrontal L,194.0,0.02418349538768387
2181,ses-036,ses-037,1014,4484.0,4301.0,183.0,0.7665338645418327,0.9782836875488101,1.0,Medial Orbitofrontal L,183.0,0.0425482445942804
2195,ses-036,ses-037,1028,27281.0,26167.0,1114.0,0.8448585541086664,0.9952746860285278,1.0,Superior Frontal L,1114.0,0.042572706080177325
2197,ses-036,ses-037,1030,17178.0,16586.0,592.0,0.816313233029262,0.9852919104906023,1.0,Superior Temporal L,592.0,0.0356927529241529
2200,ses-036,ses-037,1035,6232.0,5914.0,318.0,0.8434052362917833,0.9961956774786175,1.0,Insula L,318.0,0.05377071356104159
2201,ses-036,ses-037,2002,2240.0,2119.0,121.0,0.8313833448038541,0.990765502210779,1.0,Caudal Anterior Cingulate R,121.0,0.05710240679565833
2204,ses-036,ses-037,2006,1334.0,1467.0,133.0,0.7847197429489468,0.9645070511313452,1.0,Entorhinal Cortex R,-133.0,-0.09066121336059986
2205,ses-036,ses-037,2007,7996.0,7573.0,423.0,0.8310103410623675,0.995202477036228,1.0,Fusiform Gyrus R,423.0,0.055856331704740525
2206,ses-036,ses-037,2008,16265.0,15435.0,830.0,0.833627760252366,0.9934341249268753,1.0,Inferior Parietal R,830.0,0.05377389050858439
2210,ses-036,ses-037,2012,8114.0,7848.0,266.0,0.7977697030447313,0.9850225471699905,1.0,Lateral Orbitofrontal R,266.0,0.033893985728848115
2212,ses-036,ses-037,2014,3828.0,4025.0,197.0,0.697058449000382,0.9315992913946703,2.23606797749979,Medial Orbitofrontal R,-197.0,-0.048944099378881986
2226,ses-036,ses-037,2028,31013.0,30131.0,882.0,0.8372366871647259,0.9891907138233479,1.0,Superior Frontal R,882.0,0.02927217815538814
2228,ses-036,ses-037,2030,16948.0,16765.0,183.0,0.8336843354195711,0.9885780008918518,1.0,Superior Temporal R,183.0,0.010915597971965405
2231,ses-036,ses-037,2035,6179.0,5892.0,287.0,0.8549415955596057,0.9934773510268371,1.0,Insula R,287.0,0.04871011541072641
2232,ses-037,ses-038,1002,3552.0,3373.0,179.0,0.8181949458483755,0.9929655674431168,1.0,Caudal Anterior Cingulate L,179.0,0.05306848502816484
2235,ses-037,ses-038,1006,1506.0,1287.0,219.0,0.7583243823845328,0.9536052105033066,1.4142135623730951,Entorhinal Cortex L,219.0,0.17016317016317017
2236,ses-037,ses-038,1007,8649.0,8633.0,16.0,0.8115958801064692,0.9907103069272676,1.0,Fusiform Gyrus L,16.0,0.0018533534113286227
2237,ses-037,ses-038,1008,12950.0,12620.0,330.0,0.8137661321861557,0.9927870809948844,1.0,Inferior Parietal L,330.0,0.026148969889064975
2241,ses-037,ses-038,1012,8022.0,7413.0,609.0,0.7620343375445416,0.962418544856129,1.4142135623730951,Lateral Orbitofrontal L,609.0,0.0821529745042493
2243,ses-037,ses-038,1014,4301.0,3708.0,593.0,0.6964664752153827,0.9691311561044851,1.0,Medial Orbitofrontal L,593.0,0.1599244875943905
2257,ses-037,ses-038,1028,26167.0,24492.0,1675.0,0.8208610513432953,0.9933035470391774,1.0,Superior Frontal L,1675.0,0.06838967826228973
2259,ses-037,ses-038,1030,16586.0,16328.0,258.0,0.8376982439083672,0.9899883612013336,1.0,Superior Temporal L,258.0,0.015801077902988733
2262,ses-037,ses-038,1035,5914.0,6019.0,105.0,0.8328165591217632,0.9943848191780188,1.0,Insula L,-105.0,-0.017444758265492608
2263,ses-037,ses-038,2002,2119.0,2061.0,58.0,0.8124401913875599,0.9905535014711464,1.0,Caudal Anterior Cingulate R,58.0,0.028141678796700632
2266,ses-037,ses-038,2006,1467.0,1331.0,136.0,0.7626876340243031,0.978524734008988,1.0,Entorhinal Cortex R,136.0,0.10217881292261458
2267,ses-037,ses-038,2007,7573.0,7575.0,2.0,0.8001056245048851,0.9899588188402292,1.0,Fusiform Gyrus R,-2.0,-0.000264026402640264
2268,ses-037,ses-038,2008,15435.0,14273.0,1162.0,0.7866567927830888,0.9890820253940239,1.0,Inferior Parietal R,1162.0,0.08141245708680726
2272,ses-037,ses-038,2012,7848.0,7885.0,37.0,0.7427699739401259,0.9684050281986089,1.0,Lateral Orbitofrontal R,-37.0,-0.004692454026632847
2274,ses-037,ses-038,2014,4025.0,3858.0,167.0,0.6959279462133705,0.9481410996997408,1.4142135623730951,Medial Orbitofrontal R,167.0,0.043286677034733025
2288,ses-037,ses-038,2028,30131.0,29016.0,1115.0,0.8065328757164353,0.9879336965145533,1.0,Superior Frontal R,1115.0,0.0384270747173973
2290,ses-037,ses-038,2030,16765.0,15961.0,804.0,0.801014483896596,0.9837736828232868,1.0,Superior Temporal R,804.0,0.05037278366017167
2293,ses-037,ses-038,2035,5892.0,5774.0,118.0,0.8333619063946511,0.9902177453121155,1.0,Insula R,118.0,0.020436439210252857
2294,ses-038,ses-039,1002,3373.0,3478.0,105.0,0.7963800904977375,0.9845513610993044,1.0,Caudal Anterior Cingulate L,-105.0,-0.030189764232317423
2297,ses-038,ses-039,1006,1287.0,1529.0,242.0,0.7556818181818182,0.9533540297449347,1.4142135623730951,Entorhinal Cortex L,-242.0,-0.15827338129496402
2298,ses-038,ses-039,1007,8633.0,8738.0,105.0,0.7756605837315065,0.9757242847482798,1.0,Fusiform Gyrus L,-105.0,-0.012016479743648433
2299,ses-038,ses-039,1008,12620.0,12399.0,221.0,0.7802869818937608,0.988907342585515,1.0,Inferior Parietal L,221.0,0.01782401806597306
2303,ses-038,ses-039,1012,7413.0,8069.0,656.0,0.7406019894070534,0.9499524577512051,1.4142135623730951,Lateral Orbitofrontal L,-656.0,-0.08129879786838518
2305,ses-038,ses-039,1014,3708.0,4556.0,848.0,0.6945788964181994,0.9597020759624588,1.4142135623730951,Medial Orbitofrontal L,-848.0,-0.1861281826163301
2319,ses-038,ses-039,1028,24492.0,26870.0,2378.0,0.821502277948678,0.993178252787519,1.0,Superior Frontal L,-2378.0,-0.08850018608113137
2321,ses-038,ses-039,1030,16328.0,16899.0,571.0,0.8223432750474012,0.9864441503878839,1.0,Superior Temporal L,-571.0,-0.03378898159654417
2324,ses-038,ses-039,1035,6019.0,6152.0,133.0,0.8285268260619505,0.9918240610974929,1.0,Insula L,-133.0,-0.021618985695708713
2325,ses-038,ses-039,2002,2061.0,2203.0,142.0,0.7954971857410882,0.9880325637860484,1.0,Caudal Anterior Cingulate R,-142.0,-0.06445755787562416
2328,ses-038,ses-039,2006,1331.0,1366.0,35.0,0.7482387838338895,0.94837394599039,1.4142135623730951,Entorhinal Cortex R,-35.0,-0.02562225475841874
2329,ses-038,ses-039,2007,7575.0,8132.0,557.0,0.7725218055643981,0.9781600563387951,1.0,Fusiform Gyrus R,-557.0,-0.06849483521888834
2330,ses-038,ses-039,2008,14273.0,15096.0,823.0,0.7597807211685791,0.9859291458611672,1.0,Inferior Parietal R,-823.0,-0.05451775304716481
2334,ses-038,ses-039,2012,7885.0,8073.0,188.0,0.7335505702468981,0.962767051807916,1.4142135623730951,Lateral Orbitofrontal R,-188.0,-0.023287501548371115
2336,ses-038,ses-039,2014,3858.0,3973.0,115.0,0.6658153492529689,0.9343278653663339,1.7320508075688772,Medial Orbitofrontal R,-115.0,-0.02894538132393657
2350,ses-038,ses-039,2028,29016.0,30459.0,1443.0,0.8092475830180749,0.9851824917187477,1.0,Superior Frontal R,-1443.0,-0.04737516005121639
2352,ses-038,ses-039,2030,15961.0,16851.0,890.0,0.7905034743386566,0.9809036372713261,1.0,Superior Temporal R,-890.0,-0.05281585662571954
2355,ses-038,ses-039,2035,5774.0,6211.0,437.0,0.8211931581143096,0.9865612166052303,1.0,Insula R,-437.0,-0.07035904041217195
2356,ses-039,ses-040,1002,3478.0,3368.0,110.0,0.8194566170026293,0.9921970829965059,1.0,Caudal Anterior Cingulate L,110.0,0.032660332541567694
2359,ses-039,ses-040,1006,1529.0,1491.0,38.0,0.7834437086092715,0.9698576849954138,1.0,Entorhinal Cortex L,38.0,0.025486250838363516
2360,ses-039,ses-040,1007,8738.0,8727.0,11.0,0.8099627827082737,0.9814200089768192,1.0,Fusiform Gyrus L,11.0,0.001260456055918414
2361,ses-039,ses-040,1008,12399.0,13042.0,643.0,0.8196218702095044,0.9956495259620171,1.0,Inferior Parietal L,-643.0,-0.049302254255482285
2365,ses-039,ses-040,1012,8069.0,8307.0,238.0,0.8225451880801172,0.9856378524183578,1.0,Lateral Orbitofrontal L,-238.0,-0.028650535692789213
2367,ses-039,ses-040,1014,4556.0,4515.0,41.0,0.797045529710065,0.9875979589133962,1.0,Medial Orbitofrontal L,41.0,0.009080841638981174
2381,ses-039,ses-040,1028,26870.0,26972.0,102.0,0.8381560863266595,0.9953118500886398,1.0,Superior Frontal L,-102.0,-0.0037816995402639776
2383,ses-039,ses-040,1030,16899.0,16883.0,16.0,0.8396187318690427,0.9894575150113386,1.0,Superior Temporal L,16.0,0.0009476988686844756
2386,ses-039,ses-040,1035,6152.0,6216.0,64.0,0.8536545924967659,0.9955774387248044,1.0,Insula L,-64.0,-0.010296010296010296
2387,ses-039,ses-040,2002,2203.0,2165.0,38.0,0.8035714285714286,0.995587500107853,1.0,Caudal Anterior Cingulate R,38.0,0.017551963048498844
2390,ses-039,ses-040,2006,1366.0,1411.0,45.0,0.7785379906373785,0.9687802835106337,1.0,Entorhinal Cortex R,-45.0,-0.031892274982282066
2391,ses-039,ses-040,2007,8132.0,8017.0,115.0,0.8206080871880612,0.9905075988931206,1.0,Fusiform Gyrus R,115.0,0.01434451789946364
2392,ses-039,ses-040,2008,15096.0,16066.0,970.0,0.8238238880688017,0.9949982148267151,1.0,Inferior Parietal R,-970.0,-0.06037594920951077
2396,ses-039,ses-040,2012,8073.0,8214.0,141.0,0.8197949284705593,0.9889444657548452,1.0,Lateral Orbitofrontal R,-141.0,-0.01716581446311176
2398,ses-039,ses-040,2014,3973.0,4154.0,181.0,0.7867601821090193,0.9836842561409264,1.0,Medial Orbitofrontal R,-181.0,-0.043572460279248916
2412,ses-039,ses-040,2028,30459.0,30779.0,320.0,0.8241614683693131,0.9941049672855645,1.0,Superior Frontal R,-320.0,-0.010396699048052243
2414,ses-039,ses-040,2030,16851.0,16805.0,46.0,0.8328975516995484,0.9941457257180045,1.0,Superior Temporal R,46.0,0.002737280571258554
2417,ses-039,ses-040,2035,6211.0,6211.0,0.0,0.8576718724843021,0.9947940488327341,1.0,Insula R,0.0,0.0
2418,ses-040,ses-041,1002,3368.0,3576.0,208.0,0.8245967741935484,0.9873235534059445,1.0,Caudal Anterior Cingulate L,-208.0,-0.058165548098434
2421,ses-040,ses-041,1006,1491.0,1427.0,64.0,0.7320082248115147,0.9284587507534777,2.0,Entorhinal Cortex L,64.0,0.04484933426769446
2422,ses-040,ses-041,1007,8727.0,8795.0,68.0,0.7793630864056614,0.9691695057847682,1.0,Fusiform Gyrus L,-68.0,-0.007731665719158613
2423,ses-040,ses-041,1008,13042.0,13034.0,8.0,0.7647645344377972,0.9900055391762905,1.0,Inferior Parietal L,8.0,0.0006137793463249962
2427,ses-040,ses-041,1012,8307.0,8348.0,41.0,0.8314620234163915,0.9824627027070375,1.0,Lateral Orbitofrontal L,-41.0,-0.004911356013416387
2429,ses-040,ses-041,1014,4515.0,4664.0,149.0,0.7739405163961216,0.9675956551610034,1.0,Medial Orbitofrontal L,-149.0,-0.031946826758147515
2443,ses-040,ses-041,1028,26972.0,26464.0,508.0,0.8288045512388652,0.9934351232352682,1.0,Superior Frontal L,508.0,0.01919588875453446
2445,ses-040,ses-041,1030,16883.0,17223.0,340.0,0.8020289685099397,0.9836786782552834,1.0,Superior Temporal L,-340.0,-0.019741043952853744
2448,ses-040,ses-041,1035,6216.0,6039.0,177.0,0.82937576499388,0.9925572892898574,1.0,Insula L,177.0,0.029309488325881768
2449,ses-040,ses-041,2002,2165.0,2220.0,55.0,0.8045610034207525,0.986120892752921,1.0,Caudal Anterior Cingulate R,-55.0,-0.024774774774774775
2452,ses-040,ses-041,2006,1411.0,1385.0,26.0,0.7696709585121603,0.9580696750316181,1.0,Entorhinal Cortex R,26.0,0.018772563176895306
2453,ses-040,ses-041,2007,8017.0,7960.0,57.0,0.8137948300682231,0.986700618632453,1.0,Fusiform Gyrus R,57.0,0.007160804020100503
2454,ses-040,ses-041,2008,16066.0,15743.0,323.0,0.8315885441227325,0.99687391081853,1.0,Inferior Parietal R,323.0,0.020517055199136124
2458,ses-040,ses-041,2012,8214.0,8525.0,311.0,0.8056634207539279,0.9791896583811015,1.0,Lateral Orbitofrontal R,-311.0,-0.03648093841642229
2460,ses-040,ses-041,2014,4154.0,4174.0,20.0,0.7754562920268973,0.9814266475915073,1.0,Medial Orbitofrontal R,-20.0,-0.004791566842357451
2474,ses-040,ses-041,2028,30779.0,31125.0,346.0,0.8193977772034118,0.9918117552088331,1.0,Superior Frontal R,-346.0,-0.011116465863453816
2476,ses-040,ses-041,2030,16805.0,17020.0,215.0,0.8443458980044346,0.9916221428899933,1.0,Superior Temporal R,-215.0,-0.01263219741480611
2479,ses-040,ses-041,2035,6211.0,6161.0,50.0,0.8653410927901714,0.9936095006635762,1.0,Insula R,50.0,0.008115565654926148
2480,ses-041,ses-042,1002,3576.0,3289.0,287.0,0.7903860160233066,0.9793892603822184,1.0,Caudal Anterior Cingulate L,287.0,0.08726056552143509
2483,ses-041,ses-042,1006,1427.0,1560.0,133.0,0.7572815533980582,0.9481937412340354,1.4142135623730951,Entorhinal Cortex L,-133.0,-0.08525641025641026
2484,ses-041,ses-042,1007,8795.0,9164.0,369.0,0.7993763572581992,0.9776943521902549,1.0,Fusiform Gyrus L,-369.0,-0.04026625927542558
2485,ses-041,ses-042,1008,13034.0,13870.0,836.0,0.8117752007136485,0.9945474539791623,1.0,Inferior Parietal L,-836.0,-0.06027397260273973
2489,ses-041,ses-042,1012,8348.0,8761.0,413.0,0.776199660997136,0.9766335367294392,1.0,Lateral Orbitofrontal L,-413.0,-0.047140737358749
2491,ses-041,ses-042,1014,4664.0,4829.0,165.0,0.7491836089750342,0.966856323742176,1.0,Medial Orbitofrontal L,-165.0,-0.03416856492027335
2505,ses-041,ses-042,1028,26464.0,27414.0,950.0,0.7791306284568841,0.9877048520751519,1.0,Superior Frontal L,-950.0,-0.03465382651200117
2507,ses-041,ses-042,1030,17223.0,17395.0,172.0,0.7811543127852563,0.9745721060615009,1.0,Superior Temporal L,-172.0,-0.009887898821500431
2510,ses-041,ses-042,1035,6039.0,6094.0,55.0,0.8370559630759087,0.9943778655716025,1.0,Insula L,-55.0,-0.009025270758122744
2511,ses-041,ses-042,2002,2220.0,2183.0,37.0,0.777651601181013,0.9779754938301758,1.0,Caudal Anterior Cingulate R,37.0,0.01694915254237288
2514,ses-041,ses-042,2006,1385.0,1506.0,121.0,0.7651331719128329,0.9614882116520352,1.0,Entorhinal Cortex R,-121.0,-0.08034528552456839
2515,ses-041,ses-042,2007,7960.0,7856.0,104.0,0.8235963581183612,0.9920838874632838,1.0,Fusiform Gyrus R,104.0,0.013238289205702648
2516,ses-041,ses-042,2008,15743.0,16635.0,892.0,0.8166656371610352,0.9924960940688061,1.0,Inferior Parietal R,-892.0,-0.05362188157499249
2520,ses-041,ses-042,2012,8525.0,8738.0,213.0,0.7727509702832648,0.9791432658812542,1.0,Lateral Orbitofrontal R,-213.0,-0.024376287479972534
2522,ses-041,ses-042,2014,4174.0,3993.0,181.0,0.7180115097342965,0.9677797698771615,1.0,Medial Orbitofrontal R,181.0,0.04532932632106186
2536,ses-041,ses-042,2028,31125.0,30640.0,485.0,0.789735286974824,0.9882810991161041,1.0,Superior Frontal R,485.0,0.015828981723237597
2538,ses-041,ses-042,2030,17020.0,16487.0,533.0,0.8123675649864207,0.977982041905857,1.0,Superior Temporal R,533.0,0.0323285012434039
2541,ses-041,ses-042,2035,6161.0,6194.0,33.0,0.8564953460137597,0.9914519382198488,1.0,Insula R,-33.0,-0.005327736519212141
2542,ses-042,ses-043,1002,3289.0,3600.0,311.0,0.806793438815503,0.9773138100035066,1.0,Caudal Anterior Cingulate L,-311.0,-0.08638888888888889
2545,ses-042,ses-043,1006,1560.0,1715.0,155.0,0.751145038167939,0.9397322093294934,1.7320508075688772,Entorhinal Cortex L,-155.0,-0.09037900874635568
2546,ses-042,ses-043,1007,9164.0,8729.0,435.0,0.7518023808193148,0.9534258742231407,1.4142135623730951,Fusiform Gyrus L,435.0,0.04983388704318937
2547,ses-042,ses-043,1008,13870.0,13217.0,653.0,0.7502491970317865,0.9817408703552992,1.0,Inferior Parietal L,653.0,0.04940606794280094
2551,ses-042,ses-043,1012,8761.0,8106.0,655.0,0.7723958024544969,0.9649023124293256,1.4142135623730951,Lateral Orbitofrontal L,655.0,0.08080434246237356
2553,ses-042,ses-043,1014,4829.0,4631.0,198.0,0.759830866807611,0.97736407796965,1.0,Medial Orbitofrontal L,198.0,0.04275534441805225
2567,ses-042,ses-043,1028,27414.0,25223.0,2191.0,0.7591238102475445,0.9843400288855202,1.0,Superior Frontal L,2191.0,0.08686516274828529
2569,ses-042,ses-043,1030,17395.0,17389.0,6.0,0.828196872125115,0.9850340059434601,1.0,Superior Temporal L,6.0,0.00034504571855770887
2572,ses-042,ses-043,1035,6094.0,6243.0,149.0,0.8515846640188052,0.99600968279238,1.0,Insula L,-149.0,-0.023866730738427037
2573,ses-042,ses-043,2002,2183.0,2239.0,56.0,0.7896879240162822,0.9840254256795595,1.0,Caudal Anterior Cingulate R,-56.0,-0.025011165698972757
2576,ses-042,ses-043,2006,1506.0,1423.0,83.0,0.6896551724137931,0.9161819604081334,1.4142135623730951,Entorhinal Cortex R,83.0,0.05832747716092762
2577,ses-042,ses-043,2007,7856.0,8248.0,392.0,0.706408345752608,0.9607204484562767,1.0,Fusiform Gyrus R,-392.0,-0.0475266731328807
2578,ses-042,ses-043,2008,16635.0,16674.0,39.0,0.7522891710948992,0.9818338429601564,1.0,Inferior Parietal R,-39.0,-0.002338970852824757
2582,ses-042,ses-043,2012,8738.0,7882.0,856.0,0.7702767749699158,0.9745854125690047,1.0,Lateral Orbitofrontal R,856.0,0.10860187769601624
2584,ses-042,ses-043,2014,3993.0,3964.0,29.0,0.7512881739349001,0.9808131847203497,1.0,Medial Orbitofrontal R,29.0,0.0073158425832492435
2598,ses-042,ses-043,2028,30640.0,29144.0,1496.0,0.7710424193764218,0.98773307029074,1.0,Superior Frontal R,1496.0,0.05133132034037881
2600,ses-042,ses-043,2030,16487.0,17073.0,586.0,0.7744338498212158,0.9695894323919559,1.0,Superior Temporal R,-586.0,-0.03432320037486089
2603,ses-042,ses-043,2035,6194.0,6263.0,69.0,0.852051055631372,0.9925737613346287,1.0,Insula R,-69.0,-0.011017084464314226
2604,ses-043,ses-044,1002,3600.0,3627.0,27.0,0.7947972879479729,0.9800250992585049,1.0,Caudal Anterior Cingulate L,-27.0,-0.007444168734491315
2607,ses-043,ses-044,1006,1715.0,1479.0,236.0,0.7639323731997495,0.9418876083251024,2.23606797749979,Entorhinal Cortex L,236.0,0.15956727518593644
2608,ses-043,ses-044,1007,8729.0,9131.0,402.0,0.7894736842105263,0.9754356375266144,1.0,Fusiform Gyrus L,-402.0,-0.044025846019055966
2609,ses-043,ses-044,1008,13217.0,13350.0,133.0,0.8045319381187187,0.9920108002223246,1.0,Inferior Parietal L,-133.0,-0.0099625468164794
2613,ses-043,ses-044,1012,8106.0,8319.0,213.0,0.8023135464231355,0.9780546631362964,1.0,Lateral Orbitofrontal L,-213.0,-0.02560403894698882
2615,ses-043,ses-044,1014,4631.0,4498.0,133.0,0.7694161463468069,0.9760466945518022,1.0,Medial Orbitofrontal L,133.0,0.029568697198755003
2629,ses-043,ses-044,1028,25223.0,26791.0,1568.0,0.7967470296458645,0.990169579004156,1.0,Superior Frontal L,-1568.0,-0.05852711731551641
2631,ses-043,ses-044,1030,17389.0,17347.0,42.0,0.8439083371718102,0.9933955736259484,1.0,Superior Temporal L,42.0,0.0024211679252896753
2634,ses-043,ses-044,1035,6243.0,6179.0,64.0,0.841732410239897,0.9954398709172078,1.0,Insula L,64.0,0.01035766305227383
2635,ses-043,ses-044,2002,2239.0,2202.0,37.0,0.7957667192073857,0.9898160759841377,1.0,Caudal Anterior Cingulate R,37.0,0.016802906448683014
2638,ses-043,ses-044,2006,1423.0,1439.0,16.0,0.7547169811320755,0.9624146605245285,1.0,Entorhinal Cortex R,-16.0,-0.011118832522585128
2639,ses-043,ses-044,2007,8248.0,8185.0,63.0,0.7693056654293191,0.9702394282828511,1.0,Fusiform Gyrus R,63.0,0.007697006719609041
2640,ses-043,ses-044,2008,16674.0,16571.0,103.0,0.815581290419612,0.9922454654950424,1.0,Inferior Parietal R,103.0,0.0062156779916721985
2644,ses-043,ses-044,2012,7882.0,7965.0,83.0,0.8028017921373131,0.9776687052573121,1.0,Lateral Orbitofrontal R,-83.0,-0.01042059008160703
2646,ses-043,ses-044,2014,3964.0,4112.0,148.0,0.7778603268945022,0.9904902992560015,1.0,Medial Orbitofrontal R,-148.0,-0.03599221789883268
2660,ses-043,ses-044,2028,29144.0,30848.0,1704.0,0.8063741832244299,0.994329521013909,1.0,Superior Frontal R,-1704.0,-0.055238589211618255
2662,ses-043,ses-044,2030,17073.0,16985.0,88.0,0.8132597333959716,0.9883436709927604,1.0,Superior Temporal R,88.0,0.00518104209596703
2665,ses-043,ses-044,2035,6263.0,6237.0,26.0,0.85248,0.9944520078192846,1.0,Insula R,26.0,0.004168670835337502
2666,ses-044,ses-045,1002,3627.0,3728.0,101.0,0.8454112848402447,0.9950593307816332,1.0,Caudal Anterior Cingulate L,-101.0,-0.027092274678111587
2669,ses-044,ses-045,1006,1479.0,1584.0,105.0,0.7881162259222984,0.9667722602155243,1.0,Entorhinal Cortex L,-105.0,-0.06628787878787878
2670,ses-044,ses-045,1007,9131.0,8949.0,182.0,0.8430309734513274,0.9926543352693884,1.0,Fusiform Gyrus L,182.0,0.02033746787350542
2671,ses-044,ses-045,1008,13350.0,13665.0,315.0,0.8273921895243384,0.9912042052703497,1.0,Inferior Parietal L,-315.0,-0.02305159165751921
2675,ses-044,ses-045,1012,8319.0,8532.0,213.0,0.808023262714379,0.9872401917951756,1.0,Lateral Orbitofrontal L,-213.0,-0.024964838255977496
2677,ses-044,ses-045,1014,4498.0,4758.0,260.0,0.7685825410544511,0.9795083037157105,1.0,Medial Orbitofrontal L,-260.0,-0.0546448087431694
2691,ses-044,ses-045,1028,26791.0,27185.0,394.0,0.8392248406699274,0.9962388246087108,1.0,Superior Frontal L,-394.0,-0.014493286739010484
2693,ses-044,ses-045,1030,17347.0,17085.0,262.0,0.8452021375464684,0.9944637620521111,1.0,Superior Temporal L,262.0,0.01533508925958443
2696,ses-044,ses-045,1035,6179.0,6153.0,26.0,0.8465780084333442,0.9947889661055782,1.0,Insula L,26.0,0.004225581017389891
2697,ses-044,ses-045,2002,2202.0,2279.0,77.0,0.8453470207542959,0.9980384143980234,1.0,Caudal Anterior Cingulate R,-77.0,-0.03378674857393594
2700,ses-044,ses-045,2006,1439.0,1372.0,67.0,0.7990039131981501,0.9852681221010757,1.0,Entorhinal Cortex R,67.0,0.048833819241982504
2701,ses-044,ses-045,2007,8185.0,8263.0,78.0,0.8528696498054474,0.9965535255030187,1.0,Fusiform Gyrus R,-78.0,-0.009439670821735448
2702,ses-044,ses-045,2008,16571.0,16623.0,52.0,0.8482255829366753,0.9940590517484154,1.0,Inferior Parietal R,-52.0,-0.003128195873187752
2706,ses-044,ses-045,2012,7965.0,8468.0,503.0,0.7846406620823951,0.9732962623811249,1.0,Lateral Orbitofrontal R,-503.0,-0.059400094473311287
2708,ses-044,ses-045,2014,4112.0,4192.0,80.0,0.785645472061657,0.9873967427338656,1.0,Medial Orbitofrontal R,-80.0,-0.019083969465648856
2722,ses-044,ses-045,2028,30848.0,31132.0,284.0,0.8194256211681188,0.9927199282478224,1.0,Superior Frontal R,-284.0,-0.009122446357445715
2724,ses-044,ses-045,2030,16985.0,17440.0,455.0,0.839041394335512,0.9898551935552518,1.0,Superior Temporal R,-455.0,-0.026089449541284403
2727,ses-044,ses-045,2035,6237.0,6262.0,25.0,0.8571885750860069,0.9943445654596935,1.0,Insula R,-25.0,-0.003992334717342702
2728,ses-045,ses-046,1002,3728.0,3601.0,127.0,0.8527766407422568,0.9913389854605332,1.0,Caudal Anterior Cingulate L,127.0,0.03526798111635657
2731,ses-045,ses-046,1006,1584.0,1461.0,123.0,0.8249589490968802,0.9738212371358622,1.0,Entorhinal Cortex L,123.0,0.08418891170431211
2732,ses-045,ses-046,1007,8949.0,8878.0,71.0,0.8238065855163516,0.9932718133824748,1.0,Fusiform Gyrus L,71.0,0.007997296688443343
2733,ses-045,ses-046,1008,13665.0,13619.0,46.0,0.8434247177833162,0.9979475680841852,1.0,Inferior Parietal L,46.0,0.0033776341875321244
2737,ses-045,ses-046,1012,8532.0,8373.0,159.0,0.8247264123040521,0.9960666191279466,1.0,Lateral Orbitofrontal L,159.0,0.01898960945897528
2739,ses-045,ses-046,1014,4758.0,4732.0,26.0,0.8082191780821918,0.9934827046607033,1.0,Medial Orbitofrontal L,26.0,0.005494505494505495
2753,ses-045,ses-046,1028,27185.0,27404.0,219.0,0.8493286193189103,0.9978320832386884,1.0,Superior Frontal L,-219.0,-0.007991534082615676
2755,ses-045,ses-046,1030,17085.0,17234.0,149.0,0.8543955243451149,0.9917427026099952,1.0,Superior Temporal L,-149.0,-0.008645700359753974
2758,ses-045,ses-046,1035,6153.0,6238.0,85.0,0.8835445081107255,0.9981502836298226,1.0,Insula L,-85.0,-0.01362616223148445
2759,ses-045,ses-046,2002,2279.0,2199.0,80.0,0.8539526574363555,0.9966134926210048,1.0,Caudal Anterior Cingulate R,80.0,0.03638017280582083
2762,ses-045,ses-046,2006,1372.0,1443.0,71.0,0.8511545293072824,0.98254983192125,1.0,Entorhinal Cortex R,-71.0,-0.0492030492030492
2763,ses-045,ses-046,2007,8263.0,8055.0,208.0,0.8427503370511092,0.9902154059337118,1.0,Fusiform Gyrus R,208.0,0.025822470515207946
2764,ses-045,ses-046,2008,16623.0,16662.0,39.0,0.8290821691452607,0.9933944878958563,1.0,Inferior Parietal R,-39.0,-0.002340655383507382
2768,ses-045,ses-046,2012,8468.0,8165.0,303.0,0.8171706847832622,0.9813622586966978,1.0,Lateral Orbitofrontal R,303.0,0.037109614206981015
2770,ses-045,ses-046,2014,4192.0,4280.0,88.0,0.8009915014164306,0.9884871284471648,1.0,Medial Orbitofrontal R,-88.0,-0.020560747663551402
2784,ses-045,ses-046,2028,31132.0,31585.0,453.0,0.8455761595739593,0.9964159694257976,1.0,Superior Frontal R,-453.0,-0.014342251068545196
2786,ses-045,ses-046,2030,17440.0,17703.0,263.0,0.8621347067694847,0.9933902971797064,1.0,Superior Temporal R,-263.0,-0.014856239055527312
2789,ses-045,ses-046,2035,6262.0,6318.0,56.0,0.8798092209856916,0.9974126887919833,1.0,Insula R,-56.0,-0.008863564419119974
2790,ses-046,ses-047,1002,3601.0,3535.0,66.0,0.7928811659192825,0.9853057777579455,1.0,Caudal Anterior Cingulate L,66.0,0.01867043847241867
2793,ses-046,ses-047,1006,1461.0,1504.0,43.0,0.7608768971332209,0.9278077357318877,2.23606797749979,Entorhinal Cortex L,-43.0,-0.028590425531914893
2794,ses-046,ses-047,1007,8878.0,8723.0,155.0,0.8206351911823192,0.9824341254248298,1.0,Fusiform Gyrus L,155.0,0.01776911612977187
2795,ses-046,ses-047,1008,13619.0,13289.0,330.0,0.835141965214806,0.9950630861020949,1.0,Inferior Parietal L,330.0,0.024832568289562797
2799,ses-046,ses-047,1012,8373.0,8060.0,313.0,0.7878050264711252,0.9798876242049374,1.0,Lateral Orbitofrontal L,313.0,0.03883374689826303
2801,ses-046,ses-047,1014,4732.0,4713.0,19.0,0.7750132345156168,0.988770740417393,1.0,Medial Orbitofrontal L,19.0,0.004031402503713134
2815,ses-046,ses-047,1028,27404.0,25264.0,2140.0,0.765436318067897,0.9865069481588569,1.0,Superior Frontal L,2140.0,0.08470550981633945
2817,ses-046,ses-047,1030,17234.0,17194.0,40.0,0.8521552224933194,0.9869714194237902,1.0,Superior Temporal L,40.0,0.0023263929277654995
2820,ses-046,ses-047,1035,6238.0,6155.0,83.0,0.8640361494391996,0.9950303637368747,1.0,Insula L,83.0,0.013484971567831032
2821,ses-046,ses-047,2002,2199.0,2260.0,61.0,0.7894146669656874,0.9961811550446742,1.0,Caudal Anterior Cingulate R,-61.0,-0.026991150442477876
2824,ses-046,ses-047,2006,1443.0,1432.0,11.0,0.815304347826087,0.9774336964183882,1.0,Entorhinal Cortex R,11.0,0.007681564245810056
2825,ses-046,ses-047,2007,8055.0,8042.0,13.0,0.8350624339939119,0.9899309830153514,1.0,Fusiform Gyrus R,13.0,0.001616513305147973
2826,ses-046,ses-047,2008,16662.0,15971.0,691.0,0.8430729629516134,0.9899717664123235,1.0,Inferior Parietal R,691.0,0.04326591947905579
2830,ses-046,ses-047,2012,8165.0,8231.0,66.0,0.7564040009758478,0.9701612227989168,1.0,Lateral Orbitofrontal R,-66.0,-0.008018466771959665
2832,ses-046,ses-047,2014,4280.0,3938.0,342.0,0.7464103188123631,0.9787244445552494,1.0,Medial Orbitofrontal R,342.0,0.08684611477907567
2846,ses-046,ses-047,2028,31585.0,28605.0,2980.0,0.741020103007144,0.9787137851307104,1.0,Superior Frontal R,2980.0,0.10417759133018703
2848,ses-046,ses-047,2030,17703.0,17004.0,699.0,0.8330308007030283,0.9900777018332104,1.0,Superior Temporal R,699.0,0.04110797459421313
2851,ses-046,ses-047,2035,6318.0,6097.0,221.0,0.8586387434554974,0.9947881892143933,1.0,Insula R,221.0,0.03624733475479744
2852,ses-047,ses-048,1002,3535.0,3588.0,53.0,0.7421030464691843,0.9660650256732892,1.0,Caudal Anterior Cingulate L,-53.0,-0.014771460423634336
2855,ses-047,ses-048,1006,1504.0,1418.0,86.0,0.7056810403832992,0.8867521290978829,3.1622776601683795,Entorhinal Cortex L,86.0,0.06064880112834979
2856,ses-047,ses-048,1007,8723.0,9025.0,302.0,0.7931034482758621,0.9684981314998357,1.4142135623730951,Fusiform Gyrus L,-302.0,-0.033462603878116344
2857,ses-047,ses-048,1008,13289.0,13379.0,90.0,0.775911204439778,0.979516915083329,1.0,Inferior Parietal L,-90.0,-0.006726960161447044
2861,ses-047,ses-048,1012,8060.0,8118.0,58.0,0.7138088762516999,0.9528418431337065,1.0,Lateral Orbitofrontal L,-58.0,-0.007144616900714462
2863,ses-047,ses-048,1014,4713.0,4774.0,61.0,0.6821966902076526,0.9593714037481209,1.0,Medial Orbitofrontal L,-61.0,-0.012777545035609551
2877,ses-047,ses-048,1028,25264.0,26045.0,781.0,0.6105361632462141,0.9134111333233003,1.7320508075688772,Superior Frontal L,-781.0,-0.02998656172009983
2879,ses-047,ses-048,1030,17194.0,16722.0,472.0,0.8197900695836773,0.9819551474186238,1.0,Superior Temporal L,472.0,0.028226288721444802
2882,ses-047,ses-048,1035,6155.0,6319.0,164.0,0.8302068302068302,0.9815042316036344,1.0,Insula L,-164.0,-0.025953473650894128
2883,ses-047,ses-048,2002,2260.0,2304.0,44.0,0.7559158632778264,0.9810426605794834,1.0,Caudal Anterior Cingulate R,-44.0,-0.019097222222222224
2886,ses-047,ses-048,2006,1432.0,1335.0,97.0,0.771955186122154,0.9633480972867359,1.4142135623730951,Entorhinal Cortex R,97.0,0.07265917602996255
2887,ses-047,ses-048,2007,8042.0,7694.0,348.0,0.7815200813421453,0.9636348627070181,1.0,Fusiform Gyrus R,348.0,0.04523004938913439
2888,ses-047,ses-048,2008,15971.0,16049.0,78.0,0.742161149281699,0.9513650809093107,1.4142135623730951,Inferior Parietal R,-78.0,-0.004860115895071344
2892,ses-047,ses-048,2012,8231.0,8341.0,110.0,0.6994931209268646,0.9396578865026383,1.4142135623730951,Lateral Orbitofrontal R,-110.0,-0.013187867162210766
2894,ses-047,ses-048,2014,3938.0,3830.0,108.0,0.6797116374871267,0.962830621144811,1.0,Medial Orbitofrontal R,108.0,0.028198433420365536
2908,ses-047,ses-048,2028,28605.0,31473.0,2868.0,0.6678983987482939,0.94000470845655,1.4142135623730951,Superior Frontal R,-2868.0,-0.09112572681345915
2910,ses-047,ses-048,2030,17004.0,16517.0,487.0,0.8252140449270606,0.9818777612803281,1.0,Superior Temporal R,487.0,0.02948477326390991
2913,ses-047,ses-048,2035,6097.0,6344.0,247.0,0.8378747689092517,0.9875894154448759,1.0,Insula R,-247.0,-0.0389344262295082
2914,ses-048,ses-049,1002,3588.0,3483.0,105.0,0.8092207608541931,0.9891132396057345,1.0,Caudal Anterior Cingulate L,105.0,0.030146425495262703
2917,ses-048,ses-049,1006,1418.0,1447.0,29.0,0.8034904013961606,0.9773311739371802,1.0,Entorhinal Cortex L,-29.0,-0.020041465100207326
2918,ses-048,ses-049,1007,9025.0,8825.0,200.0,0.8057142857142857,0.9778433221602587,1.0,Fusiform Gyrus L,200.0,0.0226628895184136
2919,ses-048,ses-049,1008,13379.0,14411.0,1032.0,0.7387549478229579,0.9665300699920192,1.0,Inferior Parietal L,-1032.0,-0.07161196308375546
2923,ses-048,ses-049,1012,8118.0,8472.0,354.0,0.8313441832429174,0.9835763795345727,1.0,Lateral Orbitofrontal L,-354.0,-0.04178470254957507
2925,ses-048,ses-049,1014,4774.0,4744.0,30.0,0.7949148980878336,0.9823870037681395,1.0,Medial Orbitofrontal L,30.0,0.006323777403035413
2939,ses-048,ses-049,1028,26045.0,25702.0,343.0,0.8078535953775098,0.9872570698584103,1.0,Superior Frontal L,343.0,0.013345264959925298
2941,ses-048,ses-049,1030,16722.0,17081.0,359.0,0.8364938023252374,0.9911011201136707,1.0,Superior Temporal L,-359.0,-0.02101750482992799
2944,ses-048,ses-049,1035,6319.0,6392.0,73.0,0.848084336401542,0.993394988577789,1.0,Insula L,-73.0,-0.011420525657071339
2945,ses-048,ses-049,2002,2304.0,2187.0,117.0,0.800712536183478,0.9820163890333654,1.0,Caudal Anterior Cingulate R,117.0,0.053497942386831275
2948,ses-048,ses-049,2006,1335.0,1359.0,24.0,0.7668893838158871,0.9738672200243415,1.0,Entorhinal Cortex R,-24.0,-0.017660044150110375
2949,ses-048,ses-049,2007,7694.0,8189.0,495.0,0.7744128942894919,0.9604627177980868,1.0,Fusiform Gyrus R,-495.0,-0.06044694101843937
2950,ses-048,ses-049,2008,16049.0,17598.0,1549.0,0.7550153059708147,0.9511148861295263,1.4142135623730951,Inferior Parietal R,-1549.0,-0.08802136606432549
2954,ses-048,ses-049,2012,8341.0,8064.0,277.0,0.8175556232855836,0.989852500342461,1.0,Lateral Orbitofrontal R,277.0,0.034350198412698416
2956,ses-048,ses-049,2014,3830.0,4088.0,258.0,0.7832786057085123,0.9874269285374339,1.0,Medial Orbitofrontal R,-258.0,-0.06311154598825831
2970,ses-048,ses-049,2028,31473.0,29808.0,1665.0,0.7780878249375827,0.9638925911999371,1.4142135623730951,Superior Frontal R,1665.0,0.05585748792270531
2972,ses-048,ses-049,2030,16517.0,16726.0,209.0,0.8096140540865746,0.9806743349575878,1.0,Superior Temporal R,-209.0,-0.012495515963171111
2975,ses-048,ses-049,2035,6344.0,6330.0,14.0,0.8445636736626164,0.9875863389431504,1.0,Insula R,14.0,0.0022116903633491313
2976,ses-049,ses-050,1002,3483.0,3689.0,206.0,0.6767986614612381,0.9389438655389231,1.4142135623730951,Caudal Anterior Cingulate L,-206.0,-0.0558416915153158
2979,ses-049,ses-050,1006,1447.0,1466.0,19.0,0.7703398558187435,0.9616481121259729,1.0,Entorhinal Cortex L,-19.0,-0.01296043656207367
2980,ses-049,ses-050,1007,8825.0,8931.0,106.0,0.8159495381842757,0.9924919108411536,1.0,Fusiform Gyrus L,-106.0,-0.011868771694099205
2981,ses-049,ses-050,1008,14411.0,12942.0,1469.0,0.6567469747376887,0.9562264106275329,1.4142135623730951,Inferior Parietal L,1469.0,0.11350641322824911
2985,ses-049,ses-050,1012,8472.0,8420.0,52.0,0.6641013497513616,0.9380207758651989,1.4142135623730951,Lateral Orbitofrontal L,52.0,0.006175771971496437
2987,ses-049,ses-050,1014,4744.0,4627.0,117.0,0.6669512325258777,0.960046424163166,1.0,Medial Orbitofrontal L,117.0,0.025286362653987465
3001,ses-049,ses-050,1028,25702.0,25154.0,548.0,0.5631980493943685,0.9020770493019388,2.0,Superior Frontal L,548.0,0.021785799475232567
3003,ses-049,ses-050,1030,17081.0,16988.0,93.0,0.7598696762452669,0.9756347351946455,1.0,Superior Temporal L,93.0,0.005474452554744526
3006,ses-049,ses-050,1035,6392.0,6298.0,94.0,0.796059889676911,0.9822471123201068,1.0,Insula L,94.0,0.014925373134328358
3007,ses-049,ses-050,2002,2187.0,2121.0,66.0,0.680594243268338,0.9681356233890935,1.0,Caudal Anterior Cingulate R,66.0,0.031117397454031116
3010,ses-049,ses-050,2006,1359.0,1514.0,155.0,0.7344239470936303,0.9489943454149845,1.4142135623730951,Entorhinal Cortex R,-155.0,-0.1023778071334214
3011,ses-049,ses-050,2007,8189.0,8317.0,128.0,0.783593844662547,0.9841910072856993,1.0,Fusiform Gyrus R,-128.0,-0.0153901647228568
3012,ses-049,ses-050,2008,17598.0,16034.0,1564.0,0.7046265461465271,0.966694547045371,1.0,Inferior Parietal R,1564.0,0.09754272171635275
3016,ses-049,ses-050,2012,8064.0,8218.0,154.0,0.6547107234983417,0.9312584385229056,1.4142135623730951,Lateral Orbitofrontal R,-154.0,-0.018739352640545145
3018,ses-049,ses-050,2014,4088.0,4181.0,93.0,0.6453017293505865,0.9496937750399063,1.4142135623730951,Medial Orbitofrontal R,-93.0,-0.02224348242047357
3032,ses-049,ses-050,2028,29808.0,29444.0,364.0,0.5873557010733815,0.9131841205257932,2.0,Superior Frontal R,364.0,0.012362450753973644
3034,ses-049,ses-050,2030,16726.0,17243.0,517.0,0.742677146810327,0.9718001945625934,1.0,Superior Temporal R,-517.0,-0.02998318158093139
3037,ses-049,ses-050,2035,6330.0,6225.0,105.0,0.8003185981680605,0.9814731853801996,1.0,Insula R,105.0,0.016867469879518072
3038,ses-050,ses-051,1002,3689.0,3480.0,209.0,0.696052448040173,0.9644228709366418,1.0,Caudal Anterior Cingulate L,209.0,0.060057471264367814
3041,ses-050,ses-051,1006,1466.0,1642.0,176.0,0.7136422136422137,0.9114470312631247,2.23606797749979,Entorhinal Cortex L,-176.0,-0.1071863580998782
3042,ses-050,ses-051,1007,8931.0,8734.0,197.0,0.7114633455986413,0.9542522084605737,1.4142135623730951,Fusiform Gyrus L,197.0,0.022555530112205176
3043,ses-050,ses-051,1008,12942.0,12760.0,182.0,0.7055482063652634,0.9736558941372822,1.0,Inferior Parietal L,182.0,0.014263322884012539
3047,ses-050,ses-051,1012,8420.0,8432.0,12.0,0.7068597199145502,0.9532405899288284,1.4142135623730951,Lateral Orbitofrontal L,-12.0,-0.0014231499051233396
3049,ses-050,ses-051,1014,4627.0,4725.0,98.0,0.7025235243798118,0.9594826148088719,1.0,Medial Orbitofrontal L,-98.0,-0.02074074074074074
3063,ses-050,ses-051,1028,25154.0,27366.0,2212.0,0.7058644325971059,0.9696269956999416,1.0,Superior Frontal L,-2212.0,-0.08083022728933713
3065,ses-050,ses-051,1030,16988.0,17257.0,269.0,0.705562855891371,0.9536939393196483,1.4142135623730951,Superior Temporal L,-269.0,-0.01558787738309092
3068,ses-050,ses-051,1035,6298.0,6335.0,37.0,0.7953771867331592,0.9766323195984468,1.0,Insula L,-37.0,-0.005840568271507498
3069,ses-050,ses-051,2002,2121.0,2152.0,31.0,0.6786800842499415,0.9602125131758165,1.0,Caudal Anterior Cingulate R,-31.0,-0.014405204460966542
3072,ses-050,ses-051,2006,1514.0,1430.0,84.0,0.7296195652173914,0.9582228925059381,1.4142135623730951,Entorhinal Cortex R,84.0,0.05874125874125874
3073,ses-050,ses-051,2007,8317.0,8124.0,193.0,0.7402226141962168,0.9809734122872754,1.0,Fusiform Gyrus R,193.0,0.02375677006400788
3074,ses-050,ses-051,2008,16034.0,16559.0,525.0,0.7490565458840855,0.9806216703266387,1.0,Inferior Parietal R,-525.0,-0.031704813092578055
3078,ses-050,ses-051,2012,8218.0,8449.0,231.0,0.7205855882882343,0.9635457095131057,1.0,Lateral Orbitofrontal R,-231.0,-0.027340513670256836
3080,ses-050,ses-051,2014,4181.0,3836.0,345.0,0.6900336784333292,0.9511190315026505,1.4142135623730951,Medial Orbitofrontal R,345.0,0.08993743482794578
3094,ses-050,ses-051,2028,29444.0,31837.0,2393.0,0.7334083973825493,0.9794777206758978,1.0,Superior Frontal R,-2393.0,-0.07516411722210008
3096,ses-050,ses-051,2030,17243.0,17536.0,293.0,0.6986399838983295,0.9493029845629706,1.4142135623730951,Superior Temporal R,-293.0,-0.016708485401459854
3099,ses-050,ses-051,2035,6225.0,6305.0,80.0,0.7875498802873104,0.9785981403543221,1.0,Insula R,-80.0,-0.012688342585249802
3100,ses-051,ses-052,1002,3480.0,3305.0,175.0,0.7490051584377303,0.979610076296831,1.0,Caudal Anterior Cingulate L,175.0,0.0529500756429652
3103,ses-051,ses-052,1006,1642.0,1677.0,35.0,0.718288641156975,0.9328733803257188,1.4142135623730951,Entorhinal Cortex L,-35.0,-0.020870602265951103
3104,ses-051,ses-052,1007,8734.0,9118.0,384.0,0.6740981402643962,0.9427410822416136,1.4142135623730951,Fusiform Gyrus L,-384.0,-0.042114498793595086
3105,ses-051,ses-052,1008,12760.0,13897.0,1137.0,0.6303785122106764,0.936624134935657,1.4142135623730951,Inferior Parietal L,-1137.0,-0.0818162193279125
3109,ses-051,ses-052,1012,8432.0,8428.0,4.0,0.7472123368920522,0.9776899937707405,1.0,Lateral Orbitofrontal L,4.0,0.00047460844803037496
3111,ses-051,ses-052,1014,4725.0,4820.0,95.0,0.7302252488213724,0.970715715237784,1.0,Medial Orbitofrontal L,-95.0,-0.01970954356846473
3125,ses-051,ses-052,1028,27366.0,24967.0,2399.0,0.7262721418607762,0.9707151494329406,1.0,Superior Frontal L,2399.0,0.09608683462170065
3127,ses-051,ses-052,1030,17257.0,17784.0,527.0,0.7167603664278988,0.948839654166901,1.4142135623730951,Superior Temporal L,-527.0,-0.029633378317588843
3130,ses-051,ses-052,1035,6335.0,6295.0,40.0,0.7713380839271575,0.971892964117285,1.0,Insula L,40.0,0.006354249404289118
3131,ses-051,ses-052,2002,2152.0,2101.0,51.0,0.7420644251116859,0.9796680993468825,1.0,Caudal Anterior Cingulate R,51.0,0.02427415516420752
3134,ses-051,ses-052,2006,1430.0,1578.0,148.0,0.680186170212766,0.9051133981607193,1.4142135623730951,Entorhinal Cortex R,-148.0,-0.09378960709759189
3135,ses-051,ses-052,2007,8124.0,8213.0,89.0,0.6823774254759136,0.9478891800815298,1.4142135623730951,Fusiform Gyrus R,-89.0,-0.010836478753196153
3136,ses-051,ses-052,2008,16559.0,16778.0,219.0,0.6512883582805892,0.9489533433224299,1.4142135623730951,Inferior Parietal R,-219.0,-0.013052807247586125
3140,ses-051,ses-052,2012,8449.0,8649.0,200.0,0.7135337466370336,0.9538411509744742,1.4142135623730951,Lateral Orbitofrontal R,-200.0,-0.02312406058503873
3142,ses-051,ses-052,2014,3836.0,4120.0,284.0,0.7101558572146808,0.96458815602085,1.0,Medial Orbitofrontal R,-284.0,-0.06893203883495146
3156,ses-051,ses-052,2028,31837.0,29410.0,2427.0,0.7566411416069359,0.9768741010984365,1.0,Superior Frontal R,2427.0,0.08252295137708263
3158,ses-051,ses-052,2030,17536.0,17404.0,132.0,0.6886662850601031,0.9343538505464267,1.4142135623730951,Superior Temporal R,132.0,0.0075844633417605145
3161,ses-051,ses-052,2035,6305.0,6245.0,60.0,0.7407171314741036,0.9545077845534918,1.4142135623730951,Insula R,60.0,0.009607686148919135
3162,ses-052,ses-053,1002,3305.0,3417.0,112.0,0.8211841713775662,0.9751580765066604,1.0,Caudal Anterior Cingulate L,-112.0,-0.03277729002048581
3165,ses-052,ses-053,1006,1677.0,1325.0,352.0,0.7021985343104596,0.8948999360712082,3.0,Entorhinal Cortex L,352.0,0.2656603773584906
3166,ses-052,ses-053,1007,9118.0,8503.0,615.0,0.7181204244935021,0.963125884355725,1.0,Fusiform Gyrus L,615.0,0.0723274138539339
3167,ses-052,ses-053,1008,13897.0,13664.0,233.0,0.6729073691085229,0.9541489038473265,1.4142135623730951,Inferior Parietal L,233.0,0.017052107728337238
3171,ses-052,ses-053,1012,8428.0,8555.0,127.0,0.8024495083318612,0.9882738166495385,1.0,Lateral Orbitofrontal L,-127.0,-0.014845119812974868
3173,ses-052,ses-053,1014,4820.0,4599.0,221.0,0.7608026329758998,0.983803056062252,1.0,Medial Orbitofrontal L,221.0,0.04805392476625353
3187,ses-052,ses-053,1028,24967.0,26933.0,1966.0,0.7851637764932563,0.977020945286973,1.0,Superior Frontal L,-1966.0,-0.07299595292020941
3189,ses-052,ses-053,1030,17784.0,17210.0,574.0,0.7582442704463622,0.9660088923919292,1.0,Superior Temporal L,574.0,0.03335270191748983
3192,ses-052,ses-053,1035,6295.0,6223.0,72.0,0.793577248761783,0.9775592799522399,1.0,Insula L,72.0,0.011569982323638118
3193,ses-052,ses-053,2002,2101.0,2143.0,42.0,0.8435438265786993,0.9926573698379647,1.0,Caudal Anterior Cingulate R,-42.0,-0.01959869342043864
3196,ses-052,ses-053,2006,1578.0,1294.0,284.0,0.6894150417827298,0.92888141673819,2.23606797749979,Entorhinal Cortex R,284.0,0.21947449768160743
3197,ses-052,ses-053,2007,8213.0,8181.0,32.0,0.7283152372819324,0.9495839450478242,1.4142135623730951,Fusiform Gyrus R,32.0,0.003911502261337245
3198,ses-052,ses-053,2008,16778.0,16365.0,413.0,0.7048848927375313,0.9665825992464322,1.0,Inferior Parietal R,413.0,0.025236785823403607
3202,ses-052,ses-053,2012,8649.0,8234.0,415.0,0.7955932002606172,0.9776785956516769,1.0,Lateral Orbitofrontal R,415.0,0.05040077726499879
3204,ses-052,ses-053,2014,4120.0,4178.0,58.0,0.7421065316943842,0.9761281790560499,1.0,Medial Orbitofrontal R,-58.0,-0.013882240306366683
3218,ses-052,ses-053,2028,29410.0,31230.0,1820.0,0.7913588390501319,0.9831426365553213,1.0,Superior Frontal R,-1820.0,-0.058277297470381045
3220,ses-052,ses-053,2030,17404.0,17516.0,112.0,0.7850515463917526,0.976995040157214,1.0,Superior Temporal R,-112.0,-0.0063941539164192734
3223,ses-052,ses-053,2035,6245.0,6327.0,82.0,0.8238943684377983,0.9887435895994691,1.0,Insula R,-82.0,-0.012960328749802434
3224,ses-053,ses-054,1002,3417.0,3541.0,124.0,0.7875826386892786,0.9611560197125393,1.0,Caudal Anterior Cingulate L,-124.0,-0.03501835639649816
3227,ses-053,ses-054,1006,1325.0,1504.0,179.0,0.767762460233298,0.952890403328269,1.4142135623730951,Entorhinal Cortex L,-179.0,-0.11901595744680851
3228,ses-053,ses-054,1007,8503.0,8861.0,358.0,0.7613453121400598,0.9781147283997016,1.0,Fusiform Gyrus L,-358.0,-0.04040176052364293
3229,ses-053,ses-054,1008,13664.0,14229.0,565.0,0.7799089377263113,0.980410477675283,1.0,Inferior Parietal L,-565.0,-0.039707639328132684
3233,ses-053,ses-054,1012,8555.0,8912.0,357.0,0.8114730634911548,0.9771492933086988,1.0,Lateral Orbitofrontal L,-357.0,-0.04005834829443447
3235,ses-053,ses-054,1014,4599.0,4739.0,140.0,0.7718997644035125,0.967040518740897,1.4142135623730951,Medial Orbitofrontal L,-140.0,-0.029542097488921712
3249,ses-053,ses-054,1028,26933.0,27935.0,1002.0,0.8033462127287307,0.9902448738345132,1.0,Superior Frontal L,-1002.0,-0.0358689815643458
3251,ses-053,ses-054,1030,17210.0,17422.0,212.0,0.7962000462000463,0.9787982749475335,1.0,Superior Temporal L,-212.0,-0.012168522557685685
3254,ses-053,ses-054,1035,6223.0,6313.0,90.0,0.8514677728142949,0.9891575865598697,1.0,Insula L,-90.0,-0.014256296530967844
3255,ses-053,ses-054,2002,2143.0,2287.0,144.0,0.8148984198645598,0.9947805946206943,1.0,Caudal Anterior Cingulate R,-144.0,-0.06296458242238741
3258,ses-053,ses-054,2006,1294.0,1455.0,161.0,0.7457257184430702,0.970785846705898,1.0,Entorhinal Cortex R,-161.0,-0.11065292096219931
3259,ses-053,ses-054,2007,8181.0,8353.0,172.0,0.7617031571307609,0.9620650235531927,1.4142135623730951,Fusiform Gyrus R,-172.0,-0.02059140428588531
3260,ses-053,ses-054,2008,16365.0,17314.0,949.0,0.8003206746043529,0.9883951577255252,1.0,Inferior Parietal R,-949.0,-0.05481113549728543
3264,ses-053,ses-054,2012,8234.0,8690.0,456.0,0.7825573150555424,0.9833263111975673,1.0,Lateral Orbitofrontal R,-456.0,-0.0524741081703107
3266,ses-053,ses-054,2014,4178.0,4213.0,35.0,0.75199618639018,0.9592309551596496,1.0,Medial Orbitofrontal R,-35.0,-0.008307619273676715
3280,ses-053,ses-054,2028,31230.0,31764.0,534.0,0.7696288535416071,0.9823311411194552,1.0,Superior Frontal R,-534.0,-0.01681148469965999
3282,ses-053,ses-054,2030,17516.0,17488.0,28.0,0.8161352988229916,0.9818398603007683,1.0,Superior Temporal R,28.0,0.0016010978956999085
3285,ses-053,ses-054,2035,6327.0,6142.0,185.0,0.8515518485844895,0.9949431032298256,1.0,Insula R,185.0,0.030120481927710843
3286,ses-054,ses-055,1002,3541.0,3437.0,104.0,0.7916308397821725,0.9525602386904178,1.4142135623730951,Caudal Anterior Cingulate L,104.0,0.030258946755891768
3289,ses-054,ses-055,1006,1504.0,1605.0,101.0,0.7436474750723705,0.9187190390580393,2.449489742783178,Entorhinal Cortex L,-101.0,-0.06292834890965732
3290,ses-054,ses-055,1007,8861.0,8443.0,418.0,0.7877947295423023,0.9730178522975277,1.0,Fusiform Gyrus L,418.0,0.04950846855383158
3291,ses-054,ses-055,1008,14229.0,13485.0,744.0,0.7602655697481417,0.9782395028518802,1.0,Inferior Parietal L,744.0,0.05517241379310345
3295,ses-054,ses-055,1012,8912.0,7857.0,1055.0,0.7345697417854374,0.9674287542401888,1.0,Lateral Orbitofrontal L,1055.0,0.13427516863942981
3297,ses-054,ses-055,1014,4739.0,4430.0,309.0,0.6875340822336132,0.9496980181853515,1.4142135623730951,Medial Orbitofrontal L,309.0,0.06975169300225734
3311,ses-054,ses-055,1028,27935.0,26173.0,1762.0,0.7712353071634509,0.9866871233415602,1.0,Superior Frontal L,1762.0,0.06732128529400527
3313,ses-054,ses-055,1030,17422.0,17097.0,325.0,0.8466641559720733,0.9912034099195379,1.0,Superior Temporal L,325.0,0.01900918289758437
3316,ses-054,ses-055,1035,6313.0,6007.0,306.0,0.8368506493506493,0.9885377340352673,1.0,Insula L,306.0,0.05094056933577493
3317,ses-054,ses-055,2002,2287.0,2110.0,177.0,0.8196497612008188,0.9910380395754137,1.0,Caudal Anterior Cingulate R,177.0,0.08388625592417062
3320,ses-054,ses-055,2006,1455.0,1413.0,42.0,0.7461645746164575,0.9597668876795998,1.4142135623730951,Entorhinal Cortex R,42.0,0.029723991507430998
3321,ses-054,ses-055,2007,8353.0,7839.0,514.0,0.7955780632411067,0.9813005900926001,1.0,Fusiform Gyrus R,514.0,0.06556958795764765
3322,ses-054,ses-055,2008,17314.0,15688.0,1626.0,0.8111629598206169,0.9879513400129561,1.0,Inferior Parietal R,1626.0,0.1036460989291178
3326,ses-054,ses-055,2012,8690.0,8357.0,333.0,0.7327975596879216,0.9557438984609439,1.0,Lateral Orbitofrontal R,333.0,0.039846834988632285
3328,ses-054,ses-055,2014,4213.0,4157.0,56.0,0.6704898446833931,0.9235682376728527,2.23606797749979,Medial Orbitofrontal R,56.0,0.013471253307673804
3342,ses-054,ses-055,2028,31764.0,30337.0,1427.0,0.7558654450008857,0.981170224221234,1.0,Superior Frontal R,1427.0,0.04703827009921878
3344,ses-054,ses-055,2030,17488.0,17094.0,394.0,0.8243594933780579,0.9830792384637587,1.0,Superior Temporal R,394.0,0.023049023049023048
3347,ses-054,ses-055,2035,6142.0,6055.0,87.0,0.8436500778880053,0.9940748508584023,1.0,Insula R,87.0,0.014368290668868704
3348,ses-055,ses-056,1002,3437.0,3235.0,202.0,0.8243405275779376,0.9810347637384718,1.0,Caudal Anterior Cingulate L,202.0,0.062442040185471406
3351,ses-055,ses-056,1006,1605.0,1292.0,313.0,0.744218156713842,0.9241230732511244,2.449489742783178,Entorhinal Cortex L,313.0,0.24226006191950464
3352,ses-055,ses-056,1007,8443.0,8966.0,523.0,0.821643977253145,0.9794027153242927,1.0,Fusiform Gyrus L,-523.0,-0.05833147445906759
3353,ses-055,ses-056,1008,13485.0,13137.0,348.0,0.8311171211779731,0.9966427731162205,1.0,Inferior Parietal L,348.0,0.026490066225165563
3357,ses-055,ses-056,1012,7857.0,7422.0,435.0,0.8270174749656392,0.9948989398428008,1.0,Lateral Orbitofrontal L,435.0,0.058609539207760714
3359,ses-055,ses-056,1014,4430.0,3924.0,506.0,0.7948288245152023,0.9896067656553071,1.0,Medial Orbitofrontal L,506.0,0.1289500509683996
3373,ses-055,ses-056,1028,26173.0,24136.0,2037.0,0.8231131606670775,0.9949695371218639,1.0,Superior Frontal L,2037.0,0.0843967517401392
3375,ses-055,ses-056,1030,17097.0,16590.0,507.0,0.8334966010627245,0.993689808100696,1.0,Superior Temporal L,507.0,0.030560578661844483
3378,ses-055,ses-056,1035,6007.0,5841.0,166.0,0.849426063470628,0.9965147612432309,1.0,Insula L,166.0,0.028419791131655537
3379,ses-055,ses-056,2002,2110.0,1955.0,155.0,0.822140221402214,0.9923315202035293,1.0,Caudal Anterior Cingulate R,155.0,0.0792838874680307
3382,ses-055,ses-056,2006,1413.0,1352.0,61.0,0.7471971066907775,0.9402847574192109,1.4142135623730951,Entorhinal Cortex R,61.0,0.045118343195266274
3383,ses-055,ses-056,2007,7839.0,7951.0,112.0,0.8377454084863838,0.9944052300591538,1.0,Fusiform Gyrus R,-112.0,-0.014086278455540184
3384,ses-055,ses-056,2008,15688.0,15705.0,17.0,0.8386582996209346,0.997178833531146,1.0,Inferior Parietal R,-17.0,-0.0010824578159821714
3388,ses-055,ses-056,2012,8357.0,7533.0,824.0,0.8100692259282568,0.9885902518912273,1.0,Lateral Orbitofrontal R,824.0,0.10938537103411655
3390,ses-055,ses-056,2014,4157.0,3688.0,469.0,0.7449330783938815,0.9791433446296272,1.0,Medial Orbitofrontal R,469.0,0.1271691973969631
3404,ses-055,ses-056,2028,30337.0,27788.0,2549.0,0.8212301075268817,0.9942854220136622,1.0,Superior Frontal R,2549.0,0.09173024327047646
3406,ses-055,ses-056,2030,17094.0,16287.0,807.0,0.8471885204158054,0.9919820717168601,1.0,Superior Temporal R,807.0,0.04954871983790753
3409,ses-055,ses-056,2035,6055.0,5796.0,259.0,0.8519112311197368,0.9948084131231215,1.0,Insula R,259.0,0.04468599033816425
3410,ses-056,ses-057,1002,3235.0,3420.0,185.0,0.786175807663411,0.983810701330642,1.0,Caudal Anterior Cingulate L,-185.0,-0.054093567251461985
3413,ses-056,ses-057,1006,1292.0,1544.0,252.0,0.6748942172073342,0.8988279649840072,1.4142135623730951,Entorhinal Cortex L,-252.0,-0.16321243523316062
3414,ses-056,ses-057,1007,8966.0,9047.0,81.0,0.6990506856159441,0.949589715116725,1.4142135623730951,Fusiform Gyrus L,-81.0,-0.008953244169337902
3415,ses-056,ses-057,1008,13137.0,13130.0,7.0,0.7161838047740511,0.9753124775560258,1.0,Inferior Parietal L,7.0,0.0005331302361005332
3419,ses-056,ses-057,1012,7422.0,7970.0,548.0,0.706081081081081,0.9688183558981033,1.0,Lateral Orbitofrontal L,-548.0,-0.06875784190715183
3421,ses-056,ses-057,1014,3924.0,4519.0,595.0,0.6902759682577283,0.9688161025202086,1.0,Medial Orbitofrontal L,-595.0,-0.13166629785350742
3435,ses-056,ses-057,1028,24136.0,25113.0,977.0,0.7358118946577595,0.9760016855299762,1.0,Superior Frontal L,-977.0,-0.0389041532274121
3437,ses-056,ses-057,1030,16590.0,17398.0,808.0,0.675414852300812,0.9338457240790434,1.4142135623730951,Superior Temporal L,-808.0,-0.046442119783883205
3440,ses-056,ses-057,1035,5841.0,6160.0,319.0,0.7846012832263978,0.9809027374504758,1.0,Insula L,-319.0,-0.05178571428571429
3441,ses-056,ses-057,2002,1955.0,2157.0,202.0,0.7422178988326849,0.9759179476662738,1.0,Caudal Anterior Cingulate R,-202.0,-0.09364858599907279
3444,ses-056,ses-057,2006,1352.0,1478.0,126.0,0.7597173144876325,0.929736946689493,1.7320508075688772,Entorhinal Cortex R,-126.0,-0.08525033829499323
3445,ses-056,ses-057,2007,7951.0,7996.0,45.0,0.8083025020380009,0.9904071626066485,1.0,Fusiform Gyrus R,-45.0,-0.0056278139069534765
3446,ses-056,ses-057,2008,15705.0,15627.0,78.0,0.7992467764585727,0.9913550926628331,1.0,Inferior Parietal R,78.0,0.00499136110577846
3450,ses-056,ses-057,2012,7533.0,7727.0,194.0,0.763302752293578,0.9726416291059294,1.0,Lateral Orbitofrontal R,-194.0,-0.025106768474181442
3452,ses-056,ses-057,2014,3688.0,3961.0,273.0,0.6309321479932017,0.9265128808008098,1.7320508075688772,Medial Orbitofrontal R,-273.0,-0.06892198939661702
3466,ses-056,ses-057,2028,27788.0,28699.0,911.0,0.7646007045868961,0.9798348550658055,1.0,Superior Frontal R,-911.0,-0.03174326631589951
3468,ses-056,ses-057,2030,16287.0,17122.0,835.0,0.8314526025921158,0.9924082666785466,1.0,Superior Temporal R,-835.0,-0.04876766732858311
3471,ses-056,ses-057,2035,5796.0,6178.0,382.0,0.8453315516953399,0.9923800914574514,1.0,Insula R,-382.0,-0.06183230819035287
3472,ses-057,ses-058,1002,3420.0,3478.0,58.0,0.7912438387938533,0.9849507484958164,1.0,Caudal Anterior Cingulate L,-58.0,-0.01667625071880391
3475,ses-057,ses-058,1006,1544.0,1609.0,65.0,0.761814145258484,0.9335786083991706,2.23606797749979,Entorhinal Cortex L,-65.0,-0.040397762585456805
3476,ses-057,ses-058,1007,9047.0,8888.0,159.0,0.7882910510175635,0.9770961461812663,1.0,Fusiform Gyrus L,159.0,0.01788928892889289
3477,ses-057,ses-058,1008,13130.0,13567.0,437.0,0.7604599767764169,0.9898412422455811,1.0,Inferior Parietal L,-437.0,-0.03221051079826048
3481,ses-057,ses-058,1012,7970.0,7677.0,293.0,0.7749728382437528,0.9788445192523266,1.0,Lateral Orbitofrontal L,293.0,0.038165950240979546
3483,ses-057,ses-058,1014,4519.0,4386.0,133.0,0.751263335204941,0.9860874256294203,1.0,Medial Orbitofrontal L,133.0,0.03032375740994072
3497,ses-057,ses-058,1028,25113.0,23215.0,1898.0,0.7923770898857805,0.9890732055885637,1.0,Superior Frontal L,1898.0,0.08175748438509585
3499,ses-057,ses-058,1030,17398.0,17097.0,301.0,0.8155964632555442,0.990911712614184,1.0,Superior Temporal L,301.0,0.01760542785283968
3502,ses-057,ses-058,1035,6160.0,6126.0,34.0,0.8497476802865049,0.9954884274125336,1.0,Insula L,34.0,0.00555011426705844
3503,ses-057,ses-058,2002,2157.0,2154.0,3.0,0.748318255625145,0.9782402464348986,1.0,Caudal Anterior Cingulate R,3.0,0.001392757660167131
3506,ses-057,ses-058,2006,1478.0,1437.0,41.0,0.8,0.9830151016930538,1.0,Entorhinal Cortex R,41.0,0.028531663187195546
3507,ses-057,ses-058,2007,7996.0,8161.0,165.0,0.8133935755400136,0.9891889118565438,1.0,Fusiform Gyrus R,-165.0,-0.020218110525670872
3508,ses-057,ses-058,2008,15627.0,16461.0,834.0,0.8287833457990526,0.9926363538263319,1.0,Inferior Parietal R,-834.0,-0.050665208675050116
3512,ses-057,ses-058,2012,7727.0,7199.0,528.0,0.7561302425298138,0.9767699049647548,1.0,Lateral Orbitofrontal R,528.0,0.07334351993332407
3514,ses-057,ses-058,2014,3961.0,3726.0,235.0,0.7360478730323924,0.9737452693400301,1.0,Medial Orbitofrontal R,235.0,0.0630703166935051
3528,ses-057,ses-058,2028,28699.0,25157.0,3542.0,0.7426470588235294,0.9707285567618297,1.0,Superior Frontal R,3542.0,0.14079580236117184
3530,ses-057,ses-058,2030,17122.0,16969.0,153.0,0.8381684315508492,0.9911567251789204,1.0,Superior Temporal R,153.0,0.009016441746714596
3533,ses-057,ses-058,2035,6178.0,6104.0,74.0,0.8610975411170819,0.9966429771208655,1.0,Insula R,74.0,0.012123197903014417
3534,ses-058,ses-059,1002,3478.0,3486.0,8.0,0.8159103963239518,0.9930022002767879,1.0,Caudal Anterior Cingulate L,-8.0,-0.002294893861158921
3537,ses-058,ses-059,1006,1609.0,1509.0,100.0,0.7479153303399615,0.9379717463528737,1.4142135623730951,Entorhinal Cortex L,100.0,0.06626905235255136
3538,ses-058,ses-059,1007,8888.0,9514.0,626.0,0.8170850994457124,0.9720866756262925,1.0,Fusiform Gyrus L,-626.0,-0.065797771704856
3539,ses-058,ses-059,1008,13567.0,14289.0,722.0,0.809233199310741,0.9927528329077427,1.0,Inferior Parietal L,-722.0,-0.05052837847295122
3543,ses-058,ses-059,1012,7677.0,8560.0,883.0,0.7211923384861736,0.940033245495413,1.4142135623730951,Lateral Orbitofrontal L,-883.0,-0.10315420560747664
3545,ses-058,ses-059,1014,4386.0,4868.0,482.0,0.7430300410633239,0.9636938592026277,1.4142135623730951,Medial Orbitofrontal L,-482.0,-0.09901396877567789
3559,ses-058,ses-059,1028,23215.0,26531.0,3316.0,0.7396775620150364,0.9763001413537603,1.0,Superior Frontal L,-3316.0,-0.1249858655911952
3561,ses-058,ses-059,1030,17097.0,17871.0,774.0,0.8256691832532601,0.9875851166956785,1.0,Superior Temporal L,-774.0,-0.043310391136478096
3564,ses-058,ses-059,1035,6126.0,6367.0,241.0,0.8401504842711919,0.9913464587905242,1.0,Insula L,-241.0,-0.03785142139155018
3565,ses-058,ses-059,2002,2154.0,2199.0,45.0,0.7989892028486102,0.9946486409616412,1.0,Caudal Anterior Cingulate R,-45.0,-0.020463847203274217
3568,ses-058,ses-059,2006,1437.0,1514.0,77.0,0.6696035242290749,0.9002107820550641,1.4142135623730951,Entorhinal Cortex R,-77.0,-0.05085865257595773
3569,ses-058,ses-059,2007,8161.0,8633.0,472.0,0.7443134452780755,0.9671428750386262,1.0,Fusiform Gyrus R,-472.0,-0.05467392563419437
3570,ses-058,ses-059,2008,16461.0,17196.0,735.0,0.8132037911875687,0.993023012564004,1.0,Inferior Parietal R,-735.0,-0.04274249825540823
3574,ses-058,ses-059,2012,7199.0,8658.0,1459.0,0.6527085829602068,0.9246420853439793,2.23606797749979,Lateral Orbitofrontal R,-1459.0,-0.1685146685146685
3576,ses-058,ses-059,2014,3726.0,4145.0,419.0,0.6934315842967856,0.9567643467576865,1.4142135623730951,Medial Orbitofrontal R,-419.0,-0.10108564535585042
3590,ses-058,ses-059,2028,25157.0,30972.0,5815.0,0.7048762671702685,0.9477367668446868,1.4142135623730951,Superior Frontal R,-5815.0,-0.18775022601059022
3592,ses-058,ses-059,2030,16969.0,18135.0,1166.0,0.7593436645396536,0.9720434484045772,1.0,Superior Temporal R,-1166.0,-0.06429556106975462
3595,ses-058,ses-059,2035,6104.0,6366.0,262.0,0.8261427425821972,0.9828755626653927,1.0,Insula R,-262.0,-0.04115614200439836
3596,ses-059,ses-060,1002,3486.0,3638.0,152.0,0.7692307692307693,0.9617813955343786,1.0,Caudal Anterior Cingulate L,-152.0,-0.04178119846069269
3599,ses-059,ses-060,1006,1509.0,1614.0,105.0,0.7070124879923151,0.9084905130655716,2.23606797749979,Entorhinal Cortex L,-105.0,-0.06505576208178439
3600,ses-059,ses-060,1007,9514.0,8885.0,629.0,0.752214794282298,0.965780885025276,1.4142135623730951,Fusiform Gyrus L,629.0,0.07079347214406302
3601,ses-059,ses-060,1008,14289.0,14152.0,137.0,0.7999015505783903,0.9897187037236078,1.0,Inferior Parietal L,137.0,0.009680610514414923
3605,ses-059,ses-060,1012,8560.0,8976.0,416.0,0.8062271897810219,0.9799901915444849,1.0,Lateral Orbitofrontal L,-416.0,-0.04634581105169341
3607,ses-059,ses-060,1014,4868.0,4749.0,119.0,0.7690547987938027,0.9842220762045775,1.0,Medial Orbitofrontal L,119.0,0.02505790692777427
3621,ses-059,ses-060,1028,26531.0,27746.0,1215.0,0.8227794461742542,0.9910794695135834,1.0,Superior Frontal L,-1215.0,-0.04379009586967491
3623,ses-059,ses-060,1030,17871.0,17414.0,457.0,0.8285673799064759,0.9865764849785262,1.0,Superior Temporal L,457.0,0.026243252555415184
3626,ses-059,ses-060,1035,6367.0,6232.0,135.0,0.8281609651559647,0.9916717196675646,1.0,Insula L,135.0,0.021662387676508344
3627,ses-059,ses-060,2002,2199.0,2223.0,24.0,0.8086838534599728,0.9859604705507814,1.0,Caudal Anterior Cingulate R,-24.0,-0.010796221322537112
3630,ses-059,ses-060,2006,1514.0,1468.0,46.0,0.6975184439973172,0.8986196656493121,1.4142135623730951,Entorhinal Cortex R,46.0,0.031335149863760216
3631,ses-059,ses-060,2007,8633.0,8029.0,604.0,0.6985956067698955,0.9423643408806311,1.4142135623730951,Fusiform Gyrus R,604.0,0.07522730103375265
3632,ses-059,ses-060,2008,17196.0,16614.0,582.0,0.8278024253179532,0.9928808862844236,1.0,Inferior Parietal R,582.0,0.03503069700252799
3636,ses-059,ses-060,2012,8658.0,8572.0,86.0,0.7600696459663377,0.973869801263221,1.0,Lateral Orbitofrontal R,86.0,0.010032664489034065
3638,ses-059,ses-060,2014,4145.0,3767.0,378.0,0.7166329625884732,0.9557538157198417,1.4142135623730951,Medial Orbitofrontal R,378.0,0.10034510220334483
3652,ses-059,ses-060,2028,30972.0,31588.0,616.0,0.8292519181585678,0.9938523893657429,1.0,Superior Frontal R,-616.0,-0.019501076358110676
3654,ses-059,ses-060,2030,18135.0,17417.0,718.0,0.7687331233123312,0.9680312090884331,1.0,Superior Temporal R,718.0,0.04122409140494919
3657,ses-059,ses-060,2035,6366.0,6326.0,40.0,0.8227229751024268,0.9847767501151587,1.0,Insula R,40.0,0.006323110970597534
3658,ses-060,ses-061,1002,3638.0,3547.0,91.0,0.7727209464161447,0.9450295344267399,1.4142135623730951,Caudal Anterior Cingulate L,91.0,0.025655483507189172
3661,ses-060,ses-061,1006,1614.0,1427.0,187.0,0.7589608681354818,0.926897287912255,2.23606797749979,Entorhinal Cortex L,187.0,0.13104414856341975
3662,ses-060,ses-061,1007,8885.0,9067.0,182.0,0.8200757575757576,0.976687553358406,1.0,Fusiform Gyrus L,-182.0,-0.02007279144149112
3663,ses-060,ses-061,1008,14152.0,13460.0,692.0,0.8090685209329277,0.9926049986147304,1.0,Inferior Parietal L,692.0,0.05141158989598811
3667,ses-060,ses-061,1012,8976.0,8312.0,664.0,0.7987043035631652,0.9702432163304751,1.0,Lateral Orbitofrontal L,664.0,0.07988450433108758
3669,ses-060,ses-061,1014,4749.0,4553.0,196.0,0.755966458826059,0.966649992486696,1.0,Medial Orbitofrontal L,196.0,0.043048539424555235
3683,ses-060,ses-061,1028,27746.0,26748.0,998.0,0.8100341321980401,0.9870729252021284,1.0,Superior Frontal L,998.0,0.03731120083744579
3685,ses-060,ses-061,1030,17414.0,17235.0,179.0,0.8312505411411585,0.9876469299096329,1.0,Superior Temporal L,179.0,0.010385842761821874
3688,ses-060,ses-061,1035,6232.0,6188.0,44.0,0.8431561996779388,0.9944754595106651,1.0,Insula L,44.0,0.007110536522301228
3689,ses-060,ses-061,2002,2223.0,2177.0,46.0,0.81,0.9910989519991726,1.0,Caudal Anterior Cingulate R,46.0,0.021129995406522738
3692,ses-060,ses-061,2006,1468.0,1459.0,9.0,0.7967201913221729,0.9744083363428855,1.0,Entorhinal Cortex R,9.0,0.00616860863605209
3693,ses-060,ses-061,2007,8029.0,8042.0,13.0,0.8346711467861365,0.9909610674208179,1.0,Fusiform Gyrus R,-13.0,-0.001616513305147973
3694,ses-060,ses-061,2008,16614.0,15731.0,883.0,0.8136033390013913,0.9878872243974459,1.0,Inferior Parietal R,883.0,0.05613120589917996
3698,ses-060,ses-061,2012,8572.0,8381.0,191.0,0.7907744941898189,0.974689319068763,1.0,Lateral Orbitofrontal R,191.0,0.022789643240663404
3700,ses-060,ses-061,2014,3767.0,3951.0,184.0,0.7419020471624773,0.9561324882501139,1.4142135623730951,Medial Orbitofrontal R,-184.0,-0.04657048848392812
3714,ses-060,ses-061,2028,31588.0,30515.0,1073.0,0.8010241051156949,0.9898990803557058,1.0,Superior Frontal R,1073.0,0.035163034573160744
3716,ses-060,ses-061,2030,17417.0,17170.0,247.0,0.838118368173013,0.9891929951239959,1.0,Superior Temporal R,247.0,0.014385556202679091
3719,ses-060,ses-061,2035,6326.0,6133.0,193.0,0.8426037402680793,0.9914029855004121,1.0,Insula R,193.0,0.0314691015816077
3720,ses-061,ses-062,1002,3547.0,3660.0,113.0,0.8222561398640211,0.9809004222675752,1.0,Caudal Anterior Cingulate L,-113.0,-0.03087431693989071
3723,ses-061,ses-062,1006,1427.0,1430.0,3.0,0.7805390269513476,0.9708152182773944,1.0,Entorhinal Cortex L,-3.0,-0.002097902097902098
3724,ses-061,ses-062,1007,9067.0,9026.0,41.0,0.7972143923064169,0.9868609179376947,1.0,Fusiform Gyrus L,41.0,0.004542432971415909
3725,ses-061,ses-062,1008,13460.0,13336.0,124.0,0.8315420211971936,0.9947869359633252,1.0,Inferior Parietal L,124.0,0.009298140371925615
3729,ses-061,ses-062,1012,8312.0,8400.0,88.0,0.7880564863571087,0.9798979190614308,1.0,Lateral Orbitofrontal L,-88.0,-0.010476190476190476
3731,ses-061,ses-062,1014,4553.0,4712.0,159.0,0.7747436589314625,0.9772213540580005,1.0,Medial Orbitofrontal L,-159.0,-0.03374363327674024
3745,ses-061,ses-062,1028,26748.0,26182.0,566.0,0.8262610995654638,0.9937215567934975,1.0,Superior Frontal L,566.0,0.021617905431212284
3747,ses-061,ses-062,1030,17235.0,17258.0,23.0,0.8107152175803787,0.9901522506872539,1.0,Superior Temporal L,-23.0,-0.0013327152624869627
3750,ses-061,ses-062,1035,6188.0,6168.0,20.0,0.8463904176108773,0.9962554831573865,1.0,Insula L,20.0,0.00324254215304799
3751,ses-061,ses-062,2002,2177.0,2163.0,14.0,0.8253456221198157,0.9960105767319426,1.0,Caudal Anterior Cingulate R,14.0,0.006472491909385114
3754,ses-061,ses-062,2006,1459.0,1511.0,52.0,0.7622895622895622,0.963466897487993,1.0,Entorhinal Cortex R,-52.0,-0.03441429516876241
3755,ses-061,ses-062,2007,8042.0,7835.0,207.0,0.8296277634313787,0.9886817997000573,1.0,Fusiform Gyrus R,207.0,0.026419910657306957
3756,ses-061,ses-062,2008,15731.0,16018.0,287.0,0.8186714542190305,0.9951558330750017,1.0,Inferior Parietal R,-287.0,-0.01791734298913722
3760,ses-061,ses-062,2012,8381.0,7992.0,389.0,0.8063274903805044,0.9774937485271855,1.0,Lateral Orbitofrontal R,389.0,0.04867367367367367
3762,ses-061,ses-062,2014,3951.0,4059.0,108.0,0.7917602996254681,0.993182908036675,1.0,Medial Orbitofrontal R,-108.0,-0.026607538802660754
3776,ses-061,ses-062,2028,30515.0,30250.0,265.0,0.8463095531967415,0.9949278296521329,1.0,Superior Frontal R,265.0,0.008760330578512396
3778,ses-061,ses-062,2030,17170.0,17135.0,35.0,0.8353301268036729,0.9898623561754469,1.0,Superior Temporal R,35.0,0.0020426028596440037
3781,ses-061,ses-062,2035,6133.0,6226.0,93.0,0.8589691722631281,0.9921965536261441,1.0,Insula R,-93.0,-0.014937359460327659
3782,ses-062,ses-063,1002,3660.0,3565.0,95.0,0.8119031141868512,0.9966336768878223,1.0,Caudal Anterior Cingulate L,95.0,0.02664796633941094
3785,ses-062,ses-063,1006,1430.0,1430.0,0.0,0.7979020979020979,0.9765873256983588,1.0,Entorhinal Cortex L,0.0,0.0
3786,ses-062,ses-063,1007,9026.0,9100.0,74.0,0.8347125675824782,0.9925611938376615,1.0,Fusiform Gyrus L,-74.0,-0.008131868131868131
3787,ses-062,ses-063,1008,13336.0,13636.0,300.0,0.8327154085718523,0.9953481004176252,1.0,Inferior Parietal L,-300.0,-0.02200058668231153
3791,ses-062,ses-063,1012,8400.0,8314.0,86.0,0.8109369390929759,0.993123938804203,1.0,Lateral Orbitofrontal L,86.0,0.010343998075535241
3793,ses-062,ses-063,1014,4712.0,4544.0,168.0,0.7808988764044944,0.9909440544106548,1.0,Medial Orbitofrontal L,168.0,0.03697183098591549
3807,ses-062,ses-063,1028,26182.0,25626.0,556.0,0.8224212476837554,0.997389902492181,1.0,Superior Frontal L,556.0,0.021696714274564894
3809,ses-062,ses-063,1030,17258.0,16988.0,270.0,0.8530631314606085,0.9961952191745329,1.0,Superior Temporal L,270.0,0.015893571933129267
3812,ses-062,ses-063,1035,6168.0,6270.0,102.0,0.8546390094870558,0.9956891283578764,1.0,Insula L,-102.0,-0.016267942583732056
3813,ses-062,ses-063,2002,2163.0,2265.0,102.0,0.7958446251129178,0.9800480406679168,1.0,Caudal Anterior Cingulate R,-102.0,-0.045033112582781455
3816,ses-062,ses-063,2006,1511.0,1428.0,83.0,0.8152432800272201,0.9809267299372885,1.0,Entorhinal Cortex R,83.0,0.05812324929971989
3817,ses-062,ses-063,2007,7835.0,7937.0,102.0,0.8332487953335024,0.9911502151014027,1.0,Fusiform Gyrus R,-102.0,-0.012851203225400025
3818,ses-062,ses-063,2008,16018.0,15969.0,49.0,0.8374026948447807,0.9943550933261921,1.0,Inferior Parietal R,49.0,0.003068445112405285
3822,ses-062,ses-063,2012,7992.0,8005.0,13.0,0.7997749578045884,0.974469915318298,1.0,Lateral Orbitofrontal R,-13.0,-0.0016239850093691442
3824,ses-062,ses-063,2014,4059.0,4265.0,206.0,0.7618933205189813,0.9812118646110084,1.0,Medial Orbitofrontal R,-206.0,-0.048300117233294255
3838,ses-062,ses-063,2028,30250.0,29602.0,648.0,0.8226959834257837,0.9944172105373547,1.0,Superior Frontal R,648.0,0.021890412809945275
3840,ses-062,ses-063,2030,17135.0,17092.0,43.0,0.8545300493762235,0.9920513579685825,1.0,Superior Temporal R,43.0,0.0025157968640299555
3843,ses-062,ses-063,2035,6226.0,6270.0,44.0,0.8541933418693982,0.9961687521835724,1.0,Insula R,-44.0,-0.007017543859649123
3844,ses-063,ses-064,1002,3565.0,3438.0,127.0,0.8270741110952449,0.9949774621708511,1.0,Caudal Anterior Cingulate L,127.0,0.036940081442699245
3847,ses-063,ses-064,1006,1430.0,1375.0,55.0,0.7344028520499108,0.9470769891396003,1.4142135623730951,Entorhinal Cortex L,55.0,0.04
3848,ses-063,ses-064,1007,9100.0,8973.0,127.0,0.7484092292369834,0.9794036531857975,1.0,Fusiform Gyrus L,127.0,0.014153571826590884
3849,ses-063,ses-064,1008,13636.0,13076.0,560.0,0.7786013776579814,0.9865427697237422,1.0,Inferior Parietal L,560.0,0.042826552462526764
3853,ses-063,ses-064,1012,8314.0,8268.0,46.0,0.8148594861898444,0.9911355844259383,1.0,Lateral Orbitofrontal L,46.0,0.005563618771165941
3855,ses-063,ses-064,1014,4544.0,4569.0,25.0,0.7821793042905739,0.9830284102155014,1.0,Medial Orbitofrontal L,-25.0,-0.005471656817684395
3869,ses-063,ses-064,1028,25626.0,26379.0,753.0,0.8316892606480146,0.9960910354116737,1.0,Superior Frontal L,-753.0,-0.028545433867849426
3871,ses-063,ses-064,1030,16988.0,16952.0,36.0,0.7869180907483795,0.9851969111284548,1.0,Superior Temporal L,36.0,0.0021236432279377066
3874,ses-063,ses-064,1035,6270.0,6197.0,73.0,0.8386941525627657,0.9924838483111691,1.0,Insula L,73.0,0.011779893496853317
3875,ses-063,ses-064,2002,2265.0,2178.0,87.0,0.8147647985595319,0.9878017096283545,1.0,Caudal Anterior Cingulate R,87.0,0.03994490358126722
3878,ses-063,ses-064,2006,1428.0,1453.0,25.0,0.7823672335994446,0.9711037870344553,1.0,Entorhinal Cortex R,-25.0,-0.017205781142463867
3879,ses-063,ses-064,2007,7937.0,7944.0,7.0,0.7835778603362509,0.9860097638345419,1.0,Fusiform Gyrus R,-7.0,-0.0008811681772406848
3880,ses-063,ses-064,2008,15969.0,15453.0,516.0,0.8292279294761632,0.9950075162180168,1.0,Inferior Parietal R,516.0,0.0333915744515628
3884,ses-063,ses-064,2012,8005.0,8257.0,252.0,0.803591194195056,0.9850201497991644,1.0,Lateral Orbitofrontal R,-252.0,-0.030519559161923216
3886,ses-063,ses-064,2014,4265.0,4136.0,129.0,0.7706225449351267,0.9876489683053151,1.0,Medial Orbitofrontal R,129.0,0.031189555125725337
3900,ses-063,ses-064,2028,29602.0,30122.0,520.0,0.8222155247471703,0.9937364851138983,1.0,Superior Frontal R,-520.0,-0.01726312993825111
3902,ses-063,ses-064,2030,17092.0,16759.0,333.0,0.8158104635018167,0.9850074610838061,1.0,Superior Temporal R,333.0,0.019869920639656303
3905,ses-063,ses-064,2035,6270.0,6218.0,52.0,0.8444907110826393,0.9909127080877314,1.0,Insula R,52.0,0.008362817626246381
3906,ses-064,ses-065,1002,3438.0,3399.0,39.0,0.8067866023109551,0.9908891548296762,1.0,Caudal Anterior Cingulate L,39.0,0.01147396293027361
3909,ses-064,ses-065,1006,1375.0,1290.0,85.0,0.7174484052532834,0.9459057269373917,1.4142135623730951,Entorhinal Cortex L,85.0,0.06589147286821706
3910,ses-064,ses-065,1007,8973.0,9125.0,152.0,0.7440601171400155,0.9711974206327023,1.0,Fusiform Gyrus L,-152.0,-0.01665753424657534
3911,ses-064,ses-065,1008,13076.0,12473.0,603.0,0.793847117304004,0.9861929793645507,1.0,Inferior Parietal L,603.0,0.048344423955744405
3915,ses-064,ses-065,1012,8268.0,7976.0,292.0,0.7773947303619798,0.9717054922016174,1.0,Lateral Orbitofrontal L,292.0,0.0366098294884654
3917,ses-064,ses-065,1014,4569.0,4333.0,236.0,0.7699393394742754,0.9805309558978164,1.0,Medial Orbitofrontal L,236.0,0.0544657281329333
3931,ses-064,ses-065,1028,26379.0,25975.0,404.0,0.8207586812850977,0.9944115105580487,1.0,Superior Frontal L,404.0,0.015553416746871992
3933,ses-064,ses-065,1030,16952.0,16918.0,34.0,0.7772069678181281,0.97798207227312,1.0,Superior Temporal L,34.0,0.00200969381723608
3936,ses-064,ses-065,1035,6197.0,6232.0,35.0,0.8145466248290288,0.9868500631660629,1.0,Insula L,-35.0,-0.0056161745827984595
3937,ses-064,ses-065,2002,2178.0,2143.0,35.0,0.817403378847489,0.9934694146213957,1.0,Caudal Anterior Cingulate R,35.0,0.016332244517032198
3940,ses-064,ses-065,2006,1453.0,1439.0,14.0,0.7786998616874136,0.9661629165531996,1.0,Entorhinal Cortex R,14.0,0.009728978457261988
3941,ses-064,ses-065,2007,7944.0,8055.0,111.0,0.7716732295768486,0.980908089522712,1.0,Fusiform Gyrus R,-111.0,-0.013780260707635009
3942,ses-064,ses-065,2008,15453.0,15771.0,318.0,0.7983602357161158,0.9922148749311166,1.0,Inferior Parietal R,-318.0,-0.02016359140194027
3946,ses-064,ses-065,2012,8257.0,8289.0,32.0,0.7859301341714009,0.9831122550271486,1.0,Lateral Orbitofrontal R,-32.0,-0.0038605380624924597
3948,ses-064,ses-065,2014,4136.0,4142.0,6.0,0.7489731819280019,0.9776283069075886,1.0,Medial Orbitofrontal R,-6.0,-0.0014485755673587638
3962,ses-064,ses-065,2028,30122.0,30013.0,109.0,0.8214849921011058,0.992456298984621,1.0,Superior Frontal R,109.0,0.0036317595708526304
3964,ses-064,ses-065,2030,16759.0,16742.0,17.0,0.8119757619175547,0.9833259039202357,1.0,Superior Temporal R,17.0,0.0010154103452395173
3967,ses-064,ses-065,2035,6218.0,6151.0,67.0,0.8581130244967257,0.9948538116725584,1.0,Insula R,67.0,0.010892537798731913
3968,ses-065,ses-066,1002,3399.0,3395.0,4.0,0.8174860170738887,0.989368861093475,1.0,Caudal Anterior Cingulate L,4.0,0.00117820324005891
3971,ses-065,ses-066,1006,1290.0,1377.0,87.0,0.7206599175103112,0.9529978254841125,1.4142135623730951,Entorhinal Cortex L,-87.0,-0.06318082788671024
3972,ses-065,ses-066,1007,9125.0,9012.0,113.0,0.7454375034459944,0.9678165891982472,1.0,Fusiform Gyrus L,113.0,0.012538837106080782
3973,ses-065,ses-066,1008,12473.0,14383.0,1910.0,0.7467977360738755,0.9677625894531363,1.0,Inferior Parietal L,-1910.0,-0.13279566154487937
3977,ses-065,ses-066,1012,7976.0,8859.0,883.0,0.7600831600831601,0.953006337921222,1.4142135623730951,Lateral Orbitofrontal L,-883.0,-0.09967264928321481
3979,ses-065,ses-066,1014,4333.0,4836.0,503.0,0.7348674882757117,0.9524343859203123,1.4142135623730951,Medial Orbitofrontal L,-503.0,-0.10401157981803143
3993,ses-065,ses-066,1028,25975.0,27789.0,1814.0,0.7589093073432036,0.9832580639102317,1.0,Superior Frontal L,-1814.0,-0.06527762783835331
3995,ses-065,ses-066,1030,16918.0,17767.0,849.0,0.812108980827447,0.9835455174203795,1.0,Superior Temporal L,-849.0,-0.04778521978949738
3998,ses-065,ses-066,1035,6232.0,6339.0,107.0,0.8317556280327738,0.9878926036787148,1.0,Insula L,-107.0,-0.016879634011673767
3999,ses-065,ses-066,2002,2143.0,2213.0,70.0,0.8140495867768595,0.9886593225533319,1.0,Caudal Anterior Cingulate R,-70.0,-0.031631269769543606
4002,ses-065,ses-066,2006,1439.0,1369.0,70.0,0.7172364672364673,0.9314993322856489,1.4142135623730951,Entorhinal Cortex R,70.0,0.05113221329437546
4003,ses-065,ses-066,2007,8055.0,8231.0,176.0,0.7381800319292644,0.9573434013733828,1.4142135623730951,Fusiform Gyrus R,-176.0,-0.021382578058559105
4004,ses-065,ses-066,2008,15771.0,16942.0,1171.0,0.778222724910586,0.9800889553094327,1.0,Inferior Parietal R,-1171.0,-0.0691181678668398
4008,ses-065,ses-066,2012,8289.0,8768.0,479.0,0.746672920208712,0.9432976686970214,1.4142135623730951,Lateral Orbitofrontal R,-479.0,-0.05463047445255474
4010,ses-065,ses-066,2014,4142.0,3893.0,249.0,0.7347853142501556,0.9559906085770029,1.4142135623730951,Medial Orbitofrontal R,249.0,0.06396095556126381
4024,ses-065,ses-066,2028,30013.0,31387.0,1374.0,0.7782736156351792,0.9817660413316852,1.0,Superior Frontal R,-1374.0,-0.04377608564055182
4026,ses-065,ses-066,2030,16742.0,17236.0,494.0,0.7916887397727942,0.9758178585178287,1.0,Superior Temporal R,-494.0,-0.02866094221397076
4029,ses-065,ses-066,2035,6151.0,6281.0,130.0,0.8523166023166023,0.9931025264285577,1.0,Insula R,-130.0,-0.020697341187708964
4030,ses-066,ses-067,1002,3395.0,3728.0,333.0,0.7502456829987365,0.9544919086129596,1.4142135623730951,Caudal Anterior Cingulate L,-333.0,-0.08932403433476395
4033,ses-066,ses-067,1006,1377.0,1458.0,81.0,0.7851851851851852,0.9716454507118191,1.0,Entorhinal Cortex L,-81.0,-0.05555555555555555
4034,ses-066,ses-067,1007,9012.0,9085.0,73.0,0.8319610985246173,0.991591249379689,1.0,Fusiform Gyrus L,-73.0,-0.008035222894881674
4035,ses-066,ses-067,1008,14383.0,13357.0,1026.0,0.8028839221341024,0.9896081618430228,1.0,Inferior Parietal L,1026.0,0.07681365576102418
4039,ses-066,ses-067,1012,8859.0,8477.0,382.0,0.8041070604522381,0.9785342086413518,1.0,Lateral Orbitofrontal L,382.0,0.045063111949982304
4041,ses-066,ses-067,1014,4836.0,4406.0,430.0,0.7784029430859122,0.9789615570663628,1.0,Medial Orbitofrontal L,430.0,0.09759418974126191
4055,ses-066,ses-067,1028,27789.0,26165.0,1624.0,0.787114949772028,0.9863483230631578,1.0,Superior Frontal L,1624.0,0.06206764762086757
4057,ses-066,ses-067,1030,17767.0,17365.0,402.0,0.8207332346578617,0.9840401966369429,1.0,Superior Temporal L,402.0,0.023150014396775123
4060,ses-066,ses-067,1035,6339.0,6195.0,144.0,0.8413914153502473,0.9894749830646736,1.0,Insula L,144.0,0.02324455205811138
4061,ses-066,ses-067,2002,2213.0,2251.0,38.0,0.7423835125448028,0.9790555734111053,1.0,Caudal Anterior Cingulate R,-38.0,-0.016881386050644157
4064,ses-066,ses-067,2006,1369.0,1457.0,88.0,0.7770700636942676,0.9736133221169851,1.0,Entorhinal Cortex R,-88.0,-0.060398078242964996
4065,ses-066,ses-067,2007,8231.0,8161.0,70.0,0.8328452903855539,0.9863859341319242,1.0,Fusiform Gyrus R,70.0,0.008577380223011886
4066,ses-066,ses-067,2008,16942.0,15768.0,1174.0,0.8065423417915011,0.9895450514667541,1.0,Inferior Parietal R,1174.0,0.07445459157787924
4070,ses-066,ses-067,2012,8768.0,8117.0,651.0,0.7341427302339354,0.9390219079954641,1.7320508075688772,Lateral Orbitofrontal R,651.0,0.08020204509055069
4072,ses-066,ses-067,2014,3893.0,3946.0,53.0,0.7587702513075647,0.9753376166911398,1.0,Medial Orbitofrontal R,-53.0,-0.013431322858590979
4086,ses-066,ses-067,2028,31387.0,29849.0,1538.0,0.7970148278790254,0.9908523676662822,1.0,Superior Frontal R,1538.0,0.051526014271834904
4088,ses-066,ses-067,2030,17236.0,17293.0,57.0,0.7960844507515422,0.9677968995675869,1.0,Superior Temporal R,-57.0,-0.0032961313826403746
4091,ses-066,ses-067,2035,6281.0,6282.0,1.0,0.8365836185624452,0.9893406656219547,1.0,Insula R,-1.0,-0.0001591849729385546
4092,ses-067,ses-068,1002,3728.0,3479.0,249.0,0.8117108366865547,0.9835820815186817,1.0,Caudal Anterior Cingulate L,249.0,0.07157229088818626
4095,ses-067,ses-068,1006,1458.0,1420.0,38.0,0.8054204308547602,0.974161616731784,1.0,Entorhinal Cortex L,38.0,0.02676056338028169
4096,ses-067,ses-068,1007,9085.0,9514.0,429.0,0.8201516210548955,0.9912358620514403,1.0,Fusiform Gyrus L,-429.0,-0.04509144418751314
4097,ses-067,ses-068,1008,13357.0,14367.0,1010.0,0.7254364449574376,0.9775319568343227,1.0,Inferior Parietal L,-1010.0,-0.07029999303960464
4101,ses-067,ses-068,1012,8477.0,8359.0,118.0,0.8178902352102637,0.9930461219942388,1.0,Lateral Orbitofrontal L,118.0,0.014116521114965905
4103,ses-067,ses-068,1014,4406.0,4714.0,308.0,0.7831140350877193,0.9870608711410814,1.0,Medial Orbitofrontal L,-308.0,-0.06533729316928298
4117,ses-067,ses-068,1028,26165.0,25419.0,746.0,0.7353442928039702,0.9779914030614749,1.0,Superior Frontal L,746.0,0.029348125417994413
4119,ses-067,ses-068,1030,17365.0,17809.0,444.0,0.8177062603059078,0.9926268933946681,1.0,Superior Temporal L,-444.0,-0.024931214554438766
4122,ses-067,ses-068,1035,6195.0,6380.0,185.0,0.8299005964214712,0.9930951478613823,1.0,Insula L,-185.0,-0.028996865203761754
4123,ses-067,ses-068,2002,2251.0,2128.0,123.0,0.8161680749029459,0.9959567661815717,1.0,Caudal Anterior Cingulate R,123.0,0.05780075187969925
4126,ses-067,ses-068,2006,1457.0,1444.0,13.0,0.7921406411582212,0.9787539357323396,1.0,Entorhinal Cortex R,13.0,0.009002770083102494
4127,ses-067,ses-068,2007,8161.0,8604.0,443.0,0.8504622725917089,0.9951086593590076,1.0,Fusiform Gyrus R,-443.0,-0.05148768014876801
4128,ses-067,ses-068,2008,15768.0,17034.0,1266.0,0.7494664959453692,0.9704320818406046,1.0,Inferior Parietal R,-1266.0,-0.07432194434660092
4132,ses-067,ses-068,2012,8117.0,8486.0,369.0,0.798409925917003,0.9780272051917305,1.0,Lateral Orbitofrontal R,-369.0,-0.043483384397831726
4134,ses-067,ses-068,2014,3946.0,4045.0,99.0,0.7756225753973219,0.9826958086601998,1.0,Medial Orbitofrontal R,-99.0,-0.024474660074165638
4148,ses-067,ses-068,2028,29849.0,29378.0,471.0,0.7563104665102065,0.9813472738682911,1.0,Superior Frontal R,471.0,0.016032405201170944
4150,ses-067,ses-068,2030,17293.0,17761.0,468.0,0.8340275004279112,0.9909766935361924,1.0,Superior Temporal R,-468.0,-0.026349867687630202
4153,ses-067,ses-068,2035,6282.0,6206.0,76.0,0.8382447149263292,0.993781194667631,1.0,Insula R,76.0,0.012246213341927168
4154,ses-068,ses-069,1002,3479.0,3628.0,149.0,0.7992120444632053,0.9894236364670747,1.0,Caudal Anterior Cingulate L,-149.0,-0.04106945975744212
4157,ses-068,ses-069,1006,1420.0,1483.0,63.0,0.7516362383740958,0.9314900906111397,1.7320508075688772,Entorhinal Cortex L,-63.0,-0.04248145650708024
4158,ses-068,ses-069,1007,9514.0,8854.0,660.0,0.7865853658536586,0.9835570210617242,1.0,Fusiform Gyrus L,660.0,0.07454257962502824
4159,ses-068,ses-069,1008,14367.0,13180.0,1187.0,0.6848658656115003,0.9612836731791428,1.4142135623730951,Inferior Parietal L,1187.0,0.09006069802731412
4163,ses-068,ses-069,1012,8359.0,8136.0,223.0,0.8070324340709306,0.9910538748683281,1.0,Lateral Orbitofrontal L,223.0,0.02740904621435595
4165,ses-068,ses-069,1014,4714.0,4507.0,207.0,0.7667281205942956,0.9708742952138536,1.0,Medial Orbitofrontal L,207.0,0.045928555580208565
4179,ses-068,ses-069,1028,25419.0,25451.0,32.0,0.7722429722822882,0.9809375634033898,1.0,Superior Frontal L,-32.0,-0.0012573179835762838
4181,ses-068,ses-069,1030,17809.0,16632.0,1177.0,0.7880142852994977,0.9833694898017357,1.0,Superior Temporal L,1177.0,0.07076719576719577
4184,ses-068,ses-069,1035,6380.0,6126.0,254.0,0.823124900047977,0.9920472580634571,1.0,Insula L,254.0,0.04146261834802481
4185,ses-068,ses-069,2002,2128.0,2185.0,57.0,0.7757941108277301,0.9914227336887784,1.0,Caudal Anterior Cingulate R,-57.0,-0.02608695652173913
4188,ses-068,ses-069,2006,1444.0,1488.0,44.0,0.7987721691678036,0.9773719889623583,1.0,Entorhinal Cortex R,-44.0,-0.02956989247311828
4189,ses-068,ses-069,2007,8604.0,7821.0,783.0,0.7920852359208523,0.9831559324614692,1.0,Fusiform Gyrus R,783.0,0.1001150747986191
4190,ses-068,ses-069,2008,17034.0,15867.0,1167.0,0.6928664782225464,0.9549906036707181,1.4142135623730951,Inferior Parietal R,1167.0,0.07354887502363396
4194,ses-068,ses-069,2012,8486.0,7743.0,743.0,0.7924086511799865,0.9835844787106164,1.0,Lateral Orbitofrontal R,743.0,0.09595763915794911
4196,ses-068,ses-069,2014,4045.0,4057.0,12.0,0.7477166131819304,0.9767334562108675,1.0,Medial Orbitofrontal R,-12.0,-0.0029578506285432584
4210,ses-068,ses-069,2028,29378.0,29471.0,93.0,0.7903277880677667,0.9833042210797729,1.0,Superior Frontal R,-93.0,-0.003155644531912728
4212,ses-068,ses-069,2030,17761.0,16652.0,1109.0,0.7866213349606254,0.9770860146403257,1.0,Superior Temporal R,1109.0,0.06659860677396108
4215,ses-068,ses-069,2035,6206.0,6236.0,30.0,0.8302523710014467,0.9918761716445526,1.0,Insula R,-30.0,-0.004810776138550353
4216,ses-069,ses-070,1002,3628.0,3169.0,459.0,0.7250257466529351,0.9504243976981951,1.7320508075688772,Caudal Anterior Cingulate L,459.0,0.14484064373619437
4219,ses-069,ses-070,1006,1483.0,1506.0,23.0,0.767480762796922,0.9503804181587238,1.4142135623730951,Entorhinal Cortex L,-23.0,-0.015272244355909695
4220,ses-069,ses-070,1007,8854.0,8758.0,96.0,0.8008176243470361,0.9881857298068821,1.0,Fusiform Gyrus L,96.0,0.010961406713861612
4221,ses-069,ses-070,1008,13180.0,13421.0,241.0,0.8085410322920191,0.9924017733620449,1.0,Inferior Parietal L,-241.0,-0.017956933164443783
4225,ses-069,ses-070,1012,8136.0,8173.0,37.0,0.7579863878839904,0.9722397661656651,1.0,Lateral Orbitofrontal L,-37.0,-0.004527101431542885
4227,ses-069,ses-070,1014,4507.0,4534.0,27.0,0.7417321092799469,0.9774002671071218,1.0,Medial Orbitofrontal L,-27.0,-0.005955006616674019
4241,ses-069,ses-070,1028,25451.0,27248.0,1797.0,0.7493500825442608,0.9784897547038531,1.0,Superior Frontal L,-1797.0,-0.06594979448032884
4243,ses-069,ses-070,1030,16632.0,17040.0,408.0,0.8006652411499169,0.9768796331007606,1.0,Superior Temporal L,-408.0,-0.023943661971830985
4246,ses-069,ses-070,1035,6126.0,6135.0,9.0,0.8268493597585841,0.9879196835960755,1.0,Insula L,-9.0,-0.001466992665036675
4247,ses-069,ses-070,2002,2185.0,2009.0,176.0,0.7248450166905103,0.9708085825507067,1.0,Caudal Anterior Cingulate R,176.0,0.08760577401692385
4250,ses-069,ses-070,2006,1488.0,1382.0,106.0,0.7212543554006968,0.9449057582056762,1.4142135623730951,Entorhinal Cortex R,106.0,0.07670043415340087
4251,ses-069,ses-070,2007,7821.0,7759.0,62.0,0.7594351732991014,0.9671917331590243,1.0,Fusiform Gyrus R,62.0,0.00799072045366671
4252,ses-069,ses-070,2008,15867.0,16478.0,611.0,0.8055031689596537,0.9865338971155952,1.0,Inferior Parietal R,-611.0,-0.03707974268721932
4256,ses-069,ses-070,2012,7743.0,8322.0,579.0,0.7286647992530345,0.9435520914173061,2.0,Lateral Orbitofrontal R,-579.0,-0.0695746214852199
4258,ses-069,ses-070,2014,4057.0,3802.0,255.0,0.7214658353480087,0.9694977786311592,1.0,Medial Orbitofrontal R,255.0,0.06706996317727512
4272,ses-069,ses-070,2028,29471.0,30949.0,1478.0,0.7674280039721947,0.9868777145937474,1.0,Superior Frontal R,-1478.0,-0.04775598565381757
4274,ses-069,ses-070,2030,16652.0,15550.0,1102.0,0.7406993354450034,0.9358515366780222,1.4142135623730951,Superior Temporal R,1102.0,0.07086816720257234
4277,ses-069,ses-070,2035,6236.0,6208.0,28.0,0.841690774670524,0.9913546375497266,1.0,Insula R,28.0,0.004510309278350515
4278,ses-070,ses-071,1002,3169.0,3556.0,387.0,0.7119702602230483,0.9509010193660515,1.4142135623730951,Caudal Anterior Cingulate L,-387.0,-0.10883014623172103
4281,ses-070,ses-071,1006,1506.0,1503.0,3.0,0.7191758059155866,0.9133865213225717,2.0,Entorhinal Cortex L,3.0,0.001996007984031936
4282,ses-070,ses-071,1007,8758.0,9044.0,286.0,0.7900235928547354,0.9832796243378457,1.0,Fusiform Gyrus L,-286.0,-0.031623175586023886
4283,ses-070,ses-071,1008,13421.0,12821.0,600.0,0.8039021416050606,0.9901311260309674,1.0,Inferior Parietal L,600.0,0.046798221667576634
4287,ses-070,ses-071,1012,8173.0,8018.0,155.0,0.7094064603792231,0.9536655184879173,1.4142135623730951,Lateral Orbitofrontal L,155.0,0.019331504115739587
4289,ses-070,ses-071,1014,4534.0,4403.0,131.0,0.702920443101712,0.9682414431756541,1.0,Medial Orbitofrontal L,131.0,0.0297524415171474
4303,ses-070,ses-071,1028,27248.0,25767.0,1481.0,0.7428840894086579,0.9785303733760409,1.0,Superior Frontal L,1481.0,0.05747661737881787
4305,ses-070,ses-071,1030,17040.0,16984.0,56.0,0.7571714084175876,0.9615547932802931,1.0,Superior Temporal L,56.0,0.003297220913801225
4308,ses-070,ses-071,1035,6135.0,6032.0,103.0,0.8120325470535054,0.9836778504076483,1.0,Insula L,103.0,0.017075596816976128
4309,ses-070,ses-071,2002,2009.0,2157.0,148.0,0.7047527604416707,0.9629963921349713,1.0,Caudal Anterior Cingulate R,-148.0,-0.06861381548446917
4312,ses-070,ses-071,2006,1382.0,1553.0,171.0,0.7039182282793867,0.9240891754764816,1.7320508075688772,Entorhinal Cortex R,-171.0,-0.11010946555054733
4313,ses-070,ses-071,2007,7759.0,7723.0,36.0,0.7939542694742281,0.979475121271057,1.0,Fusiform Gyrus R,36.0,0.004661401009970219
4314,ses-070,ses-071,2008,16478.0,15457.0,1021.0,0.7904180366369188,0.9858070642819567,1.0,Inferior Parietal R,1021.0,0.06605421491880702
4318,ses-070,ses-071,2012,8322.0,8426.0,104.0,0.7284451874850728,0.9487389831214086,1.4142135623730951,Lateral Orbitofrontal R,-104.0,-0.012342748635176834
4320,ses-070,ses-071,2014,3802.0,4208.0,406.0,0.6846441947565544,0.9585294075875984,1.4142135623730951,Medial Orbitofrontal R,-406.0,-0.09648288973384031
4334,ses-070,ses-071,2028,30949.0,30368.0,581.0,0.7514718593538496,0.9778738192569545,1.0,Superior Frontal R,581.0,0.019131981032665963
4336,ses-070,ses-071,2030,15550.0,17287.0,1737.0,0.7305174041477601,0.9313555900413992,1.4142135623730951,Superior Temporal R,-1737.0,-0.1004801295771389
4339,ses-070,ses-071,2035,6208.0,6098.0,110.0,0.8473915163334959,0.9933629264735315,1.0,Insula R,110.0,0.01803870121351263
4340,ses-071,ses-072,1002,3556.0,3364.0,192.0,0.8361271676300578,0.984491740304948,1.0,Caudal Anterior Cingulate L,192.0,0.057074910820451845
4343,ses-071,ses-072,1006,1503.0,1631.0,128.0,0.7217613273771538,0.9083234421254113,2.23606797749979,Entorhinal Cortex L,-128.0,-0.07847946045370938
4344,ses-071,ses-072,1007,9044.0,9139.0,95.0,0.7565308254963428,0.9535713813469254,1.4142135623730951,Fusiform Gyrus L,-95.0,-0.010395010395010396
4345,ses-071,ses-072,1008,12821.0,13394.0,573.0,0.7578867060843029,0.9826306786937118,1.0,Inferior Parietal L,-573.0,-0.04278034941018367
4349,ses-071,ses-072,1012,8018.0,8714.0,696.0,0.7225675352617739,0.9556464940510346,1.4142135623730951,Lateral Orbitofrontal L,-696.0,-0.07987147119577691
4351,ses-071,ses-072,1014,4403.0,4739.0,336.0,0.6838766134325093,0.9639248304728305,1.4142135623730951,Medial Orbitofrontal L,-336.0,-0.07090103397341212
4365,ses-071,ses-072,1028,25767.0,26800.0,1033.0,0.7925124127304203,0.9835493459933558,1.0,Superior Frontal L,-1033.0,-0.03854477611940298
4367,ses-071,ses-072,1030,16984.0,17718.0,734.0,0.7880813785948937,0.9778612185930399,1.0,Superior Temporal L,-734.0,-0.04142679760695338
4370,ses-071,ses-072,1035,6032.0,6219.0,187.0,0.8211574565341605,0.9850122788602129,1.0,Insula L,-187.0,-0.030069142949027176
4371,ses-071,ses-072,2002,2157.0,2125.0,32.0,0.811303129378795,0.9924666322059463,1.0,Caudal Anterior Cingulate R,32.0,0.015058823529411765
4374,ses-071,ses-072,2006,1553.0,1192.0,361.0,0.7293260473588342,0.9389049265413035,1.7320508075688772,Entorhinal Cortex R,361.0,0.3028523489932886
4375,ses-071,ses-072,2007,7723.0,7918.0,195.0,0.7527651684674893,0.9639406415038798,1.4142135623730951,Fusiform Gyrus R,-195.0,-0.024627431169487245
4376,ses-071,ses-072,2008,15457.0,16458.0,1001.0,0.737082876390412,0.9736582463439772,1.0,Inferior Parietal R,-1001.0,-0.060821484992101105
4380,ses-071,ses-072,2012,8426.0,8566.0,140.0,0.7778954802259888,0.9767036864729486,1.0,Lateral Orbitofrontal R,-140.0,-0.01634368433341116
4382,ses-071,ses-072,2014,4208.0,3680.0,528.0,0.6769776876267748,0.9363865085742956,1.7320508075688772,Medial Orbitofrontal R,528.0,0.14347826086956522
4396,ses-071,ses-072,2028,30368.0,31502.0,1134.0,0.7582350088896073,0.9744008352196903,1.0,Superior Frontal R,-1134.0,-0.03599771443082979
4398,ses-071,ses-072,2030,17287.0,17775.0,488.0,0.7478751925161143,0.9541757514338144,1.4142135623730951,Superior Temporal R,-488.0,-0.027454289732770747
4401,ses-071,ses-072,2035,6098.0,6369.0,271.0,0.8170369776209192,0.9820110750184133,1.0,Insula R,-271.0,-0.04254985084000628
4402,ses-072,ses-073,1002,3364.0,3443.0,79.0,0.7950639048038783,0.9866186110887706,1.0,Caudal Anterior Cingulate L,-79.0,-0.022945106012198666
4405,ses-072,ses-073,1006,1631.0,1430.0,201.0,0.6951976478275074,0.9202247403116675,2.0,Entorhinal Cortex L,201.0,0.14055944055944056
4406,ses-072,ses-073,1007,9139.0,9104.0,35.0,0.7379268760620512,0.9492142248432355,1.4142135623730951,Fusiform Gyrus L,35.0,0.003844463971880492
4407,ses-072,ses-073,1008,13394.0,12913.0,481.0,0.7911202341582089,0.9900369657642472,1.0,Inferior Parietal L,481.0,0.03724928366762178
4411,ses-072,ses-073,1012,8714.0,8080.0,634.0,0.767178754317018,0.9780829327724541,1.0,Lateral Orbitofrontal L,634.0,0.07846534653465347
4413,ses-072,ses-073,1014,4739.0,4458.0,281.0,0.7163205393062956,0.9625510520521492,1.0,Medial Orbitofrontal L,281.0,0.06303275011215792
4427,ses-072,ses-073,1028,26800.0,25714.0,1086.0,0.8094222493049472,0.9883144488041821,1.0,Superior Frontal L,1086.0,0.042233802597806645
4429,ses-072,ses-073,1030,17718.0,16838.0,880.0,0.7704016668595902,0.9743355560089308,1.0,Superior Temporal L,880.0,0.05226273904264164
4432,ses-072,ses-073,1035,6219.0,6166.0,53.0,0.8011303996770287,0.9767039459385223,1.0,Insula L,53.0,0.00859552384041518
4433,ses-072,ses-073,2002,2125.0,2117.0,8.0,0.7444601603017444,0.9840311736395365,1.0,Caudal Anterior Cingulate R,8.0,0.003778932451582428
4436,ses-072,ses-073,2006,1192.0,1425.0,233.0,0.7099732518150554,0.9100965385522041,2.0,Entorhinal Cortex R,-233.0,-0.16350877192982455
4437,ses-072,ses-073,2007,7918.0,7898.0,20.0,0.7684623166413759,0.9647091278912846,1.4142135623730951,Fusiform Gyrus R,20.0,0.0025322866548493288
4438,ses-072,ses-073,2008,16458.0,15261.0,1197.0,0.7340710615088748,0.975365628059446,1.0,Inferior Parietal R,1197.0,0.07843522704934146
4442,ses-072,ses-073,2012,8566.0,8154.0,412.0,0.784688995215311,0.9797838460749677,1.0,Lateral Orbitofrontal R,412.0,0.05052734854059358
4444,ses-072,ses-073,2014,3680.0,4074.0,394.0,0.690740263090018,0.948968078667516,1.4142135623730951,Medial Orbitofrontal R,-394.0,-0.09671084928816888
4458,ses-072,ses-073,2028,31502.0,29863.0,1639.0,0.724256498003748,0.9660913987369201,1.0,Superior Frontal R,1639.0,0.05488397013026153
4460,ses-072,ses-073,2030,17775.0,17168.0,607.0,0.7747474458403686,0.9636953730364459,1.0,Superior Temporal R,607.0,0.03535647716682199
4463,ses-072,ses-073,2035,6369.0,6150.0,219.0,0.8032590462497005,0.9750700462400856,1.0,Insula R,219.0,0.03560975609756097
